Format: row col dir_x dir_y dir_z
Data:
26	64	0.0	0.0	-1.0
27	61	0.0	0.0	-1.0
27	62	0.0	0.0	-1.0
27	63	0.0	0.0	-1.0
27	64	0.0	0.0	-1.0
27	65	0.0	0.0	-1.0
27	66	0.0	0.0	-1.0
27	67	0.0	0.0	-1.0
28	59	0.0	0.0	-1.0
28	60	0.0	0.0	-1.0
28	61	0.0	0.0	-1.0
28	62	0.0	0.0	-1.0
28	63	0.0	0.0	-1.0
28	64	0.0	0.0	-1.0
28	65	0.0	0.0	-1.0
28	66	0.0	0.0	-1.0
28	67	0.0	0.0	-1.0
28	68	0.0	0.0	-1.0
28	69	0.0	0.0	-1.0
29	58	0.0	0.0	-1.0
29	59	0.0	0.0	-1.0
29	60	0.0	0.0	-1.0
29	61	0.0	0.0	-1.0
29	62	0.0	0.0	-1.0
29	63	0.0	0.0	-1.0
29	64	0.0	0.0	-1.0
29	65	0.0	0.0	-1.0
29	66	0.0	0.0	-1.0
29	67	0.0	0.0	-1.0
29	68	0.0	0.0	-1.0
29	69	0.0	0.0	-1.0
29	70	0.0	0.0	-1.0
30	57	0.0	0.0	-1.0
30	58	0.0	0.0	-1.0
30	59	0.0	0.0	-1.0
30	60	0.0	0.0	-1.0
30	61	0.0	0.0	-1.0
30	62	0.0	0.0	-1.0
30	63	0.0	0.0	-1.0
30	64	0.0	0.0	-1.0
30	65	0.0	0.0	-1.0
30	66	0.0	0.0	-1.0
30	67	0.0	0.0	-1.0
30	68	0.0	0.0	-1.0
30	69	0.0	0.0	-1.0
30	70	0.0	0.0	-1.0
30	71	0.0	0.0	-1.0
31	56	0.0	0.0	-1.0
31	57	0.0	0.0	-1.0
31	58	0.0	0.0	-1.0
31	59	0.0	0.0	-1.0
31	60	0.0	0.0	-1.0
31	61	0.0	0.0	-1.0
31	62	0.0	0.0	-1.0
31	63	0.0	0.0	-1.0
31	64	0.0	0.0	-1.0
31	65	0.0	0.0	-1.0
31	66	0.0	0.0	-1.0
31	67	0.0	0.0	-1.0
31	68	0.0	0.0	-1.0
31	69	0.0	0.0	-1.0
31	70	0.0	0.0	-1.0
31	71	0.0	0.0	-1.0
31	72	0.0	0.0	-1.0
32	55	0.0	0.0	-1.0
32	56	0.0	0.0	-1.0
32	57	0.0	0.0	-1.0
32	58	0.0	0.0	-1.0
32	59	0.0	0.0	-1.0
32	60	0.0	0.0	-1.0
32	61	0.0	0.0	-1.0
32	62	0.0	0.0	-1.0
32	63	0.0	0.0	-1.0
32	64	0.0	0.0	-1.0
32	65	0.0	0.0	-1.0
32	66	0.0	0.0	-1.0
32	67	0.0	0.0	-1.0
32	68	0.0	0.0	-1.0
32	69	0.0	0.0	-1.0
32	70	0.0	0.0	-1.0
32	71	0.0	0.0	-1.0
32	72	0.0	0.0	-1.0
32	73	0.0	0.0	-1.0
33	55	0.0	0.0	-1.0
33	56	0.0	0.0	-1.0
33	57	0.0	0.0	-1.0
33	58	0.0	0.0	-1.0
33	59	0.0	0.0	-1.0
33	60	0.0	0.0	-1.0
33	61	0.0	0.0	-1.0
33	62	0.0	0.0	-1.0
33	63	0.0	0.0	-1.0
33	64	0.0	0.0	-1.0
33	65	0.0	0.0	-1.0
33	66	0.0	0.0	-1.0
33	67	0.0	0.0	-1.0
33	68	0.0	0.0	-1.0
33	69	0.0	0.0	-1.0
33	70	0.0	0.0	-1.0
33	71	0.0	0.0	-1.0
33	72	0.0	0.0	-1.0
33	73	0.0	0.0	-1.0
34	54	0.0	0.0	-1.0
34	55	0.0	0.0	-1.0
34	56	0.0	0.0	-1.0
34	57	0.0	0.0	-1.0
34	58	0.0	0.0	-1.0
34	59	0.0	0.0	-1.0
34	60	0.0	0.0	-1.0
34	61	0.0	0.0	-1.0
34	62	0.0	0.0	-1.0
34	63	0.0	0.0	-1.0
34	64	0.0	0.0	-1.0
34	65	0.0	0.0	-1.0
34	66	0.0	0.0	-1.0
34	67	0.0	0.0	-1.0
34	68	0.0	0.0	-1.0
34	69	0.0	0.0	-1.0
34	70	0.0	0.0	-1.0
34	71	0.0	0.0	-1.0
34	72	0.0	0.0	-1.0
34	73	0.0	0.0	-1.0
34	74	0.0	0.0	-1.0
35	54	0.0	0.0	-1.0
35	55	0.0	0.0	-1.0
35	56	0.0	0.0	-1.0
35	57	0.0	0.0	-1.0
35	58	0.0	0.0	-1.0
35	59	0.0	0.0	-1.0
35	60	0.0	0.0	-1.0
35	61	0.0	0.0	-1.0
35	62	0.0	0.0	-1.0
35	63	0.0	0.0	-1.0
35	64	0.0	0.0	-1.0
35	65	0.0	0.0	-1.0
35	66	0.0	0.0	-1.0
35	67	0.0	0.0	-1.0
35	68	0.0	0.0	-1.0
35	69	0.0	0.0	-1.0
35	70	0.0	0.0	-1.0
35	71	0.0	0.0	-1.0
35	72	0.0	0.0	-1.0
35	73	0.0	0.0	-1.0
35	74	0.0	0.0	-1.0
36	53	0.0	0.0	-1.0
36	54	0.0	0.0	-1.0
36	55	0.0	0.0	-1.0
36	56	0.0	0.0	-1.0
36	57	0.0	0.0	-1.0
36	58	0.0	0.0	-1.0
36	59	0.0	0.0	-1.0
36	60	0.0	0.0	-1.0
36	61	0.0	0.0	-1.0
36	62	0.0	0.0	-1.0
36	63	0.0	0.0	-1.0
36	64	0.0	0.0	-1.0
36	65	0.0	0.0	-1.0
36	66	0.0	0.0	-1.0
36	67	0.0	0.0	-1.0
36	68	0.0	0.0	-1.0
36	69	0.0	0.0	-1.0
36	70	0.0	0.0	-1.0
36	71	0.0	0.0	-1.0
36	72	0.0	0.0	-1.0
36	73	0.0	0.0	-1.0
36	74	0.0	0.0	-1.0
36	75	0.0	0.0	-1.0
37	53	0.0	0.0	-1.0
37	54	0.0	0.0	-1.0
37	55	0.0	0.0	-1.0
37	56	0.0	0.0	-1.0
37	57	0.0	0.0	-1.0
37	58	0.0	0.0	-1.0
37	59	0.0	0.0	-1.0
37	60	0.0	0.0	-1.0
37	61	0.0	0.0	-1.0
37	62	0.0	0.0	-1.0
37	63	0.0	0.0	-1.0
37	64	0.0	0.0	-1.0
37	65	0.0	0.0	-1.0
37	66	0.0	0.0	-1.0
37	67	0.0	0.0	-1.0
37	68	0.0	0.0	-1.0
37	69	0.0	0.0	-1.0
37	70	0.0	0.0	-1.0
37	71	0.0	0.0	-1.0
37	72	0.0	0.0	-1.0
37	73	0.0	0.0	-1.0
37	74	0.0	0.0	-1.0
37	75	0.0	0.0	-1.0
38	52	0.0	0.0	-1.0
38	53	0.0	0.0	-1.0
38	54	0.0	0.0	-1.0
38	55	0.0	0.0	-1.0
38	56	0.0	0.0	-1.0
38	57	0.0	0.0	-1.0
38	58	0.0	0.0	-1.0
38	59	0.0	0.0	-1.0
38	60	0.0	0.0	-1.0
38	61	0.0	0.0	-1.0
38	62	0.0	0.0	-1.0
38	63	0.0	0.0	-1.0
38	64	0.0	0.0	-1.0
38	65	0.0	0.0	-1.0
38	66	0.0	0.0	-1.0
38	67	0.0	0.0	-1.0
38	68	0.0	0.0	-1.0
38	69	0.0	0.0	-1.0
38	70	0.0	0.0	-1.0
38	71	0.0	0.0	-1.0
38	72	0.0	0.0	-1.0
38	73	0.0	0.0	-1.0
38	74	0.0	0.0	-1.0
38	75	0.0	0.0	-1.0
38	76	0.0	0.0	-1.0
39	52	0.0	0.0	-1.0
39	53	0.0	0.0	-1.0
39	54	0.0	0.0	-1.0
39	55	0.0	0.0	-1.0
39	56	0.0	0.0	-1.0
39	57	0.0	0.0	-1.0
39	58	0.0	0.0	-1.0
39	59	0.0	0.0	-1.0
39	60	0.0	0.0	-1.0
39	61	0.0	0.0	-1.0
39	62	0.0	0.0	-1.0
39	63	0.0	0.0	-1.0
39	64	0.0	0.0	-1.0
39	65	0.0	0.0	-1.0
39	66	0.0	0.0	-1.0
39	67	0.0	0.0	-1.0
39	68	0.0	0.0	-1.0
39	69	0.0	0.0	-1.0
39	70	0.0	0.0	-1.0
39	71	0.0	0.0	-1.0
39	72	0.0	0.0	-1.0
39	73	0.0	0.0	-1.0
39	74	0.0	0.0	-1.0
39	75	0.0	0.0	-1.0
39	76	0.0	0.0	-1.0
40	52	0.0	0.0	-1.0
40	53	0.0	0.0	-1.0
40	54	0.0	0.0	-1.0
40	55	0.0	0.0	-1.0
40	56	0.0	0.0	-1.0
40	57	0.0	0.0	-1.0
40	58	0.0	0.0	-1.0
40	59	0.0	0.0	-1.0
40	60	0.0	0.0	-1.0
40	61	0.0	0.0	-1.0
40	62	0.0	0.0	-1.0
40	63	0.0	0.0	-1.0
40	64	0.0	0.0	-1.0
40	65	0.0	0.0	-1.0
40	66	0.0	0.0	-1.0
40	67	0.0	0.0	-1.0
40	68	0.0	0.0	-1.0
40	69	0.0	0.0	-1.0
40	70	0.0	0.0	-1.0
40	71	0.0	0.0	-1.0
40	72	0.0	0.0	-1.0
40	73	0.0	0.0	-1.0
40	74	0.0	0.0	-1.0
40	75	0.0	0.0	-1.0
40	76	0.0	0.0	-1.0
41	52	0.0	0.0	-1.0
41	53	0.0	0.0	-1.0
41	54	0.0	0.0	-1.0
41	55	0.0	0.0	-1.0
41	56	0.0	0.0	-1.0
41	57	0.0	0.0	-1.0
41	58	0.0	0.0	-1.0
41	59	0.0	0.0	-1.0
41	60	0.0	0.0	-1.0
41	61	0.0	0.0	-1.0
41	62	0.0	0.0	-1.0
41	63	0.0	0.0	-1.0
41	64	0.0	0.0	-1.0
41	65	0.0	0.0	-1.0
41	66	0.0	0.0	-1.0
41	67	0.0	0.0	-1.0
41	68	0.0	0.0	-1.0
41	69	0.0	0.0	-1.0
41	70	0.0	0.0	-1.0
41	71	0.0	0.0	-1.0
41	72	0.0	0.0	-1.0
41	73	0.0	0.0	-1.0
41	74	0.0	0.0	-1.0
41	75	0.0	0.0	-1.0
41	76	0.0	0.0	-1.0
42	51	0.0	0.0	-1.0
42	52	0.0	0.0	-1.0
42	53	0.0	0.0	-1.0
42	54	0.0	0.0	-1.0
42	55	0.0	0.0	-1.0
42	56	0.0	0.0	-1.0
42	57	0.0	0.0	-1.0
42	58	0.0	0.0	-1.0
42	59	0.0	0.0	-1.0
42	60	0.0	0.0	-1.0
42	61	0.0	0.0	-1.0
42	62	0.0	0.0	-1.0
42	63	0.0	0.0	-1.0
42	64	0.0	0.0	-1.0
42	65	0.0	0.0	-1.0
42	66	0.0	0.0	-1.0
42	67	0.0	0.0	-1.0
42	68	0.0	0.0	-1.0
42	69	0.0	0.0	-1.0
42	70	0.0	0.0	-1.0
42	71	0.0	0.0	-1.0
42	72	0.0	0.0	-1.0
42	73	0.0	0.0	-1.0
42	74	0.0	0.0	-1.0
42	75	0.0	0.0	-1.0
42	76	0.0	0.0	-1.0
42	77	0.0	0.0	-1.0
43	51	0.0	0.0	-1.0
43	52	0.0	0.0	-1.0
43	53	0.0	0.0	-1.0
43	54	0.0	0.0	-1.0
43	55	0.0	0.0	-1.0
43	56	0.0	0.0	-1.0
43	57	0.0	0.0	-1.0
43	58	0.0	0.0	-1.0
43	59	0.0	0.0	-1.0
43	60	0.0	0.0	-1.0
43	61	0.0	0.0	-1.0
43	62	0.0	0.0	-1.0
43	63	0.0	0.0	-1.0
43	64	0.0	0.0	-1.0
43	65	0.0	0.0	-1.0
43	66	0.0	0.0	-1.0
43	67	0.0	0.0	-1.0
43	68	0.0	0.0	-1.0
43	69	0.0	0.0	-1.0
43	70	0.0	0.0	-1.0
43	71	0.0	0.0	-1.0
43	72	0.0	0.0	-1.0
43	73	0.0	0.0	-1.0
43	74	0.0	0.0	-1.0
43	75	0.0	0.0	-1.0
43	76	0.0	0.0	-1.0
43	77	0.0	0.0	-1.0
44	51	0.0	0.0	-1.0
44	52	0.0	0.0	-1.0
44	53	0.0	0.0	-1.0
44	54	0.0	0.0	-1.0
44	55	0.0	0.0	-1.0
44	56	0.0	0.0	-1.0
44	57	0.0	0.0	-1.0
44	58	0.0	0.0	-1.0
44	59	0.0	0.0	-1.0
44	60	0.0	0.0	-1.0
44	61	0.0	0.0	-1.0
44	62	0.0	0.0	-1.0
44	63	0.0	0.0	-1.0
44	64	0.0	0.0	-1.0
44	65	0.0	0.0	-1.0
44	66	0.0	0.0	-1.0
44	67	0.0	0.0	-1.0
44	68	0.0	0.0	-1.0
44	69	0.0	0.0	-1.0
44	70	0.0	0.0	-1.0
44	71	0.0	0.0	-1.0
44	72	0.0	0.0	-1.0
44	73	0.0	0.0	-1.0
44	74	0.0	0.0	-1.0
44	75	0.0	0.0	-1.0
44	76	0.0	0.0	-1.0
44	77	0.0	0.0	-1.0
45	51	0.0	0.0	-1.0
45	52	0.0	0.0	-1.0
45	53	0.0	0.0	-1.0
45	54	0.0	0.0	-1.0
45	55	0.0	0.0	-1.0
45	56	0.0	0.0	-1.0
45	57	0.0	0.0	-1.0
45	58	0.0	0.0	-1.0
45	59	0.0	0.0	-1.0
45	60	0.0	0.0	-1.0
45	61	0.0	0.0	-1.0
45	62	0.0	0.0	-1.0
45	63	0.0	0.0	-1.0
45	64	0.0	0.0	-1.0
45	65	0.0	0.0	-1.0
45	66	0.0	0.0	-1.0
45	67	0.0	0.0	-1.0
45	68	0.0	0.0	-1.0
45	69	0.0	0.0	-1.0
45	70	0.0	0.0	-1.0
45	71	0.0	0.0	-1.0
45	72	0.0	0.0	-1.0
45	73	0.0	0.0	-1.0
45	74	0.0	0.0	-1.0
45	75	0.0	0.0	-1.0
45	76	0.0	0.0	-1.0
45	77	0.0	0.0	-1.0
46	50	0.0	0.0	-1.0
46	51	0.0	0.0	-1.0
46	52	0.0	0.0	-1.0
46	53	0.0	0.0	-1.0
46	54	0.0	0.0	-1.0
46	55	0.0	0.0	-1.0
46	56	0.0	0.0	-1.0
46	57	0.0	0.0	-1.0
46	58	0.0	0.0	-1.0
46	59	0.0	0.0	-1.0
46	60	0.0	0.0	-1.0
46	61	0.0	0.0	-1.0
46	62	0.0	0.0	-1.0
46	63	0.0	0.0	-1.0
46	64	0.0	0.0	-1.0
46	65	0.0	0.0	-1.0
46	66	0.0	0.0	-1.0
46	67	0.0	0.0	-1.0
46	68	0.0	0.0	-1.0
46	69	0.0	0.0	-1.0
46	70	0.0	0.0	-1.0
46	71	0.0	0.0	-1.0
46	72	0.0	0.0	-1.0
46	73	0.0	0.0	-1.0
46	74	0.0	0.0	-1.0
46	75	0.0	0.0	-1.0
46	76	0.0	0.0	-1.0
46	77	0.0	0.0	-1.0
46	78	0.0	0.0	-1.0
47	50	0.0	0.0	-1.0
47	51	0.0	0.0	-1.0
47	52	0.0	0.0	-1.0
47	53	0.0	0.0	-1.0
47	54	0.0	0.0	-1.0
47	55	0.0	0.0	-1.0
47	56	0.0	0.0	-1.0
47	57	0.0	0.0	-1.0
47	58	0.0	0.0	-1.0
47	59	0.0	0.0	-1.0
47	60	0.0	0.0	-1.0
47	61	0.0	0.0	-1.0
47	62	0.0	0.0	-1.0
47	63	0.0	0.0	-1.0
47	64	0.0	0.0	-1.0
47	65	0.0	0.0	-1.0
47	66	0.0	0.0	-1.0
47	67	0.0	0.0	-1.0
47	68	0.0	0.0	-1.0
47	69	0.0	0.0	-1.0
47	70	0.0	0.0	-1.0
47	71	0.0	0.0	-1.0
47	72	0.0	0.0	-1.0
47	73	0.0	0.0	-1.0
47	74	0.0	0.0	-1.0
47	75	0.0	0.0	-1.0
47	76	0.0	0.0	-1.0
47	77	0.0	0.0	-1.0
47	78	0.0	0.0	-1.0
48	50	0.0	0.0	-1.0
48	51	0.0	0.0	-1.0
48	52	0.0	0.0	-1.0
48	53	0.0	0.0	-1.0
48	54	0.0	0.0	-1.0
48	55	0.0	0.0	-1.0
48	56	0.0	0.0	-1.0
48	57	0.0	0.0	-1.0
48	58	0.0	0.0	-1.0
48	59	0.0	0.0	-1.0
48	60	0.0	0.0	-1.0
48	61	0.0	0.0	-1.0
48	62	0.0	0.0	-1.0
48	63	0.0	0.0	-1.0
48	64	0.0	0.0	-1.0
48	65	0.0	0.0	-1.0
48	66	0.0	0.0	-1.0
48	67	0.0	0.0	-1.0
48	68	0.0	0.0	-1.0
48	69	0.0	0.0	-1.0
48	70	0.0	0.0	-1.0
48	71	0.0	0.0	-1.0
48	72	0.0	0.0	-1.0
48	73	0.0	0.0	-1.0
48	74	0.0	0.0	-1.0
48	75	0.0	0.0	-1.0
48	76	0.0	0.0	-1.0
48	77	0.0	0.0	-1.0
48	78	0.0	0.0	-1.0
49	50	0.0	0.0	-1.0
49	51	0.0	0.0	-1.0
49	52	0.0	0.0	-1.0
49	53	0.0	0.0	-1.0
49	54	0.0	0.0	-1.0
49	55	0.0	0.0	-1.0
49	56	0.0	0.0	-1.0
49	57	0.0	0.0	-1.0
49	58	0.0	0.0	-1.0
49	59	0.0	0.0	-1.0
49	60	0.0	0.0	-1.0
49	61	0.0	0.0	-1.0
49	62	0.0	0.0	-1.0
49	63	0.0	0.0	-1.0
49	64	0.0	0.0	-1.0
49	65	0.0	0.0	-1.0
49	66	0.0	0.0	-1.0
49	67	0.0	0.0	-1.0
49	68	0.0	0.0	-1.0
49	69	0.0	0.0	-1.0
49	70	0.0	0.0	-1.0
49	71	0.0	0.0	-1.0
49	72	0.0	0.0	-1.0
49	73	0.0	0.0	-1.0
49	74	0.0	0.0	-1.0
49	75	0.0	0.0	-1.0
49	76	0.0	0.0	-1.0
49	77	0.0	0.0	-1.0
49	78	0.0	0.0	-1.0
50	50	0.0	0.0	-1.0
50	51	0.0	0.0	-1.0
50	52	0.0	0.0	-1.0
50	53	0.0	0.0	-1.0
50	54	0.0	0.0	-1.0
50	55	0.0	0.0	-1.0
50	56	0.0	0.0	-1.0
50	57	0.0	0.0	-1.0
50	58	0.0	0.0	-1.0
50	59	0.0	0.0	-1.0
50	60	0.0	0.0	-1.0
50	61	0.0	0.0	-1.0
50	62	0.0	0.0	-1.0
50	63	0.0	0.0	-1.0
50	64	0.0	0.0	-1.0
50	65	0.0	0.0	-1.0
50	66	0.0	0.0	-1.0
50	67	0.0	0.0	-1.0
50	68	0.0	0.0	-1.0
50	69	0.0	0.0	-1.0
50	70	0.0	0.0	-1.0
50	71	0.0	0.0	-1.0
50	72	0.0	0.0	-1.0
50	73	0.0	0.0	-1.0
50	74	0.0	0.0	-1.0
50	75	0.0	0.0	-1.0
50	76	0.0	0.0	-1.0
50	77	0.0	0.0	-1.0
50	78	0.0	0.0	-1.0
51	50	0.0	0.0	-1.0
51	51	0.0	0.0	-1.0
51	52	0.0	0.0	-1.0
51	53	0.0	0.0	-1.0
51	54	0.0	0.0	-1.0
51	55	0.0	0.0	-1.0
51	56	0.0	0.0	-1.0
51	57	0.0	0.0	-1.0
51	58	0.0	0.0	-1.0
51	59	0.0	0.0	-1.0
51	60	0.0	0.0	-1.0
51	61	0.0	0.0	-1.0
51	62	0.0	0.0	-1.0
51	63	0.0	0.0	-1.0
51	64	0.0	0.0	-1.0
51	65	0.0	0.0	-1.0
51	66	0.0	0.0	-1.0
51	67	0.0	0.0	-1.0
51	68	0.0	0.0	-1.0
51	69	0.0	0.0	-1.0
51	70	0.0	0.0	-1.0
51	71	0.0	0.0	-1.0
51	72	0.0	0.0	-1.0
51	73	0.0	0.0	-1.0
51	74	0.0	0.0	-1.0
51	75	0.0	0.0	-1.0
51	76	0.0	0.0	-1.0
51	77	0.0	0.0	-1.0
51	78	0.0	0.0	-1.0
52	50	0.0	0.0	-1.0
52	51	0.0	0.0	-1.0
52	52	0.0	0.0	-1.0
52	53	0.0	0.0	-1.0
52	54	0.0	0.0	-1.0
52	55	0.0	0.0	-1.0
52	56	0.0	0.0	-1.0
52	57	0.0	0.0	-1.0
52	58	0.0	0.0	-1.0
52	59	0.0	0.0	-1.0
52	60	0.0	0.0	-1.0
52	61	0.0	0.0	-1.0
52	62	0.0	0.0	-1.0
52	63	0.0	0.0	-1.0
52	64	0.0	0.0	-1.0
52	65	0.0	0.0	-1.0
52	66	0.0	0.0	-1.0
52	67	0.0	0.0	-1.0
52	68	0.0	0.0	-1.0
52	69	0.0	0.0	-1.0
52	70	0.0	0.0	-1.0
52	71	0.0	0.0	-1.0
52	72	0.0	0.0	-1.0
52	73	0.0	0.0	-1.0
52	74	0.0	0.0	-1.0
52	75	0.0	0.0	-1.0
52	76	0.0	0.0	-1.0
52	77	0.0	0.0	-1.0
52	78	0.0	0.0	-1.0
53	50	0.0	0.0	-1.0
53	51	0.0	0.0	-1.0
53	52	0.0	0.0	-1.0
53	53	0.0	0.0	-1.0
53	54	0.0	0.0	-1.0
53	55	0.0	0.0	-1.0
53	56	0.0	0.0	-1.0
53	57	0.0	0.0	-1.0
53	58	0.0	0.0	-1.0
53	59	0.0	0.0	-1.0
53	60	0.0	0.0	-1.0
53	61	0.0	0.0	-1.0
53	62	0.0	0.0	-1.0
53	63	0.0	0.0	-1.0
53	64	0.0	0.0	-1.0
53	65	0.0	0.0	-1.0
53	66	0.0	0.0	-1.0
53	67	0.0	0.0	-1.0
53	68	0.0	0.0	-1.0
53	69	0.0	0.0	-1.0
53	70	0.0	0.0	-1.0
53	71	0.0	0.0	-1.0
53	72	0.0	0.0	-1.0
53	73	0.0	0.0	-1.0
53	74	0.0	0.0	-1.0
53	75	0.0	0.0	-1.0
53	76	0.0	0.0	-1.0
53	77	0.0	0.0	-1.0
53	78	0.0	0.0	-1.0
54	50	0.0	0.0	-1.0
54	51	0.0	0.0	-1.0
54	52	0.0	0.0	-1.0
54	53	0.0	0.0	-1.0
54	54	0.0	0.0	-1.0
54	55	0.0	0.0	-1.0
54	56	0.0	0.0	-1.0
54	57	0.0	0.0	-1.0
54	58	0.0	0.0	-1.0
54	59	0.0	0.0	-1.0
54	60	0.0	0.0	-1.0
54	61	0.0	0.0	-1.0
54	62	0.0	0.0	-1.0
54	63	0.0	0.0	-1.0
54	64	0.0	0.0	-1.0
54	65	0.0	0.0	-1.0
54	66	0.0	0.0	-1.0
54	67	0.0	0.0	-1.0
54	68	0.0	0.0	-1.0
54	69	0.0	0.0	-1.0
54	70	0.0	0.0	-1.0
54	71	0.0	0.0	-1.0
54	72	0.0	0.0	-1.0
54	73	0.0	0.0	-1.0
54	74	0.0	0.0	-1.0
54	75	0.0	0.0	-1.0
54	76	0.0	0.0	-1.0
54	77	0.0	0.0	-1.0
54	78	0.0	0.0	-1.0
55	50	0.0	0.0	-1.0
55	51	0.0	0.0	-1.0
55	52	0.0	0.0	-1.0
55	53	0.0	0.0	-1.0
55	54	0.0	0.0	-1.0
55	55	0.0	0.0	-1.0
55	56	0.0	0.0	-1.0
55	57	0.0	0.0	-1.0
55	58	0.0	0.0	-1.0
55	59	0.0	0.0	-1.0
55	60	0.0	0.0	-1.0
55	61	0.0	0.0	-1.0
55	62	0.0	0.0	-1.0
55	63	0.0	0.0	-1.0
55	64	0.0	0.0	-1.0
55	65	0.0	0.0	-1.0
55	66	0.0	0.0	-1.0
55	67	0.0	0.0	-1.0
55	68	0.0	0.0	-1.0
55	69	0.0	0.0	-1.0
55	70	0.0	0.0	-1.0
55	71	0.0	0.0	-1.0
55	72	0.0	0.0	-1.0
55	73	0.0	0.0	-1.0
55	74	0.0	0.0	-1.0
55	75	0.0	0.0	-1.0
55	76	0.0	0.0	-1.0
55	77	0.0	0.0	-1.0
55	78	0.0	0.0	-1.0
56	49	0.0	0.0	-1.0
56	50	0.0	0.0	-1.0
56	51	0.0	0.0	-1.0
56	52	0.0	0.0	-1.0
56	53	0.0	0.0	-1.0
56	54	0.0	0.0	-1.0
56	55	0.0	0.0	-1.0
56	56	0.0	0.0	-1.0
56	57	0.0	0.0	-1.0
56	58	0.0	0.0	-1.0
56	59	0.0	0.0	-1.0
56	60	0.0	0.0	-1.0
56	61	0.0	0.0	-1.0
56	62	0.0	0.0	-1.0
56	63	0.0	0.0	-1.0
56	64	0.0	0.0	-1.0
56	65	0.0	0.0	-1.0
56	66	0.0	0.0	-1.0
56	67	0.0	0.0	-1.0
56	68	0.0	0.0	-1.0
56	69	0.0	0.0	-1.0
56	70	0.0	0.0	-1.0
56	71	0.0	0.0	-1.0
56	72	0.0	0.0	-1.0
56	73	0.0	0.0	-1.0
56	74	0.0	0.0	-1.0
56	75	0.0	0.0	-1.0
56	76	0.0	0.0	-1.0
56	77	0.0	0.0	-1.0
56	78	0.0	0.0	-1.0
56	79	0.0	0.0	-1.0
57	50	0.0	0.0	-1.0
57	51	0.0	0.0	-1.0
57	52	0.0	0.0	-1.0
57	53	0.0	0.0	-1.0
57	54	0.0	0.0	-1.0
57	55	0.0	0.0	-1.0
57	56	0.0	0.0	-1.0
57	57	0.0	0.0	-1.0
57	58	0.0	0.0	-1.0
57	59	0.0	0.0	-1.0
57	60	0.0	0.0	-1.0
57	61	0.0	0.0	-1.0
57	62	0.0	0.0	-1.0
57	63	0.0	0.0	-1.0
57	64	0.0	0.0	-1.0
57	65	0.0	0.0	-1.0
57	66	0.0	0.0	-1.0
57	67	0.0	0.0	-1.0
57	68	0.0	0.0	-1.0
57	69	0.0	0.0	-1.0
57	70	0.0	0.0	-1.0
57	71	0.0	0.0	-1.0
57	72	0.0	0.0	-1.0
57	73	0.0	0.0	-1.0
57	74	0.0	0.0	-1.0
57	75	0.0	0.0	-1.0
57	76	0.0	0.0	-1.0
57	77	0.0	0.0	-1.0
57	78	0.0	0.0	-1.0
58	50	0.0	0.0	-1.0
58	51	0.0	0.0	-1.0
58	52	0.0	0.0	-1.0
58	53	0.0	0.0	-1.0
58	54	0.0	0.0	-1.0
58	55	0.0	0.0	-1.0
58	56	0.0	0.0	-1.0
58	57	0.0	0.0	-1.0
58	58	0.0	0.0	-1.0
58	59	0.0	0.0	-1.0
58	60	0.0	0.0	-1.0
58	61	0.0	0.0	-1.0
58	62	0.0	0.0	-1.0
58	63	0.0	0.0	-1.0
58	64	0.0	0.0	-1.0
58	65	0.0	0.0	-1.0
58	66	0.0	0.0	-1.0
58	67	0.0	0.0	-1.0
58	68	0.0	0.0	-1.0
58	69	0.0	0.0	-1.0
58	70	0.0	0.0	-1.0
58	71	0.0	0.0	-1.0
58	72	0.0	0.0	-1.0
58	73	0.0	0.0	-1.0
58	74	0.0	0.0	-1.0
58	75	0.0	0.0	-1.0
58	76	0.0	0.0	-1.0
58	77	0.0	0.0	-1.0
58	78	0.0	0.0	-1.0
59	50	0.0	0.0	-1.0
59	51	0.0	0.0	-1.0
59	52	0.0	0.0	-1.0
59	53	0.0	0.0	-1.0
59	54	0.0	0.0	-1.0
59	55	0.0	0.0	-1.0
59	56	0.0	0.0	-1.0
59	57	0.0	0.0	-1.0
59	58	0.0	0.0	-1.0
59	59	0.0	0.0	-1.0
59	60	0.0	0.0	-1.0
59	61	0.0	0.0	-1.0
59	62	0.0	0.0	-1.0
59	63	0.0	0.0	-1.0
59	64	0.0	0.0	-1.0
59	65	0.0	0.0	-1.0
59	66	0.0	0.0	-1.0
59	67	0.0	0.0	-1.0
59	68	0.0	0.0	-1.0
59	69	0.0	0.0	-1.0
59	70	0.0	0.0	-1.0
59	71	0.0	0.0	-1.0
59	72	0.0	0.0	-1.0
59	73	0.0	0.0	-1.0
59	74	0.0	0.0	-1.0
59	75	0.0	0.0	-1.0
59	76	0.0	0.0	-1.0
59	77	0.0	0.0	-1.0
59	78	0.0	0.0	-1.0
60	50	0.0	0.0	-1.0
60	51	0.0	0.0	-1.0
60	52	0.0	0.0	-1.0
60	53	0.0	0.0	-1.0
60	54	0.0	0.0	-1.0
60	55	0.0	0.0	-1.0
60	56	0.0	0.0	-1.0
60	57	0.0	0.0	-1.0
60	58	0.0	0.0	-1.0
60	59	0.0	0.0	-1.0
60	60	0.0	0.0	-1.0
60	61	0.0	0.0	-1.0
60	62	0.0	0.0	-1.0
60	63	0.0	0.0	-1.0
60	64	0.0	0.0	-1.0
60	65	0.0	0.0	-1.0
60	66	0.0	0.0	-1.0
60	67	0.0	0.0	-1.0
60	68	0.0	0.0	-1.0
60	69	0.0	0.0	-1.0
60	70	0.0	0.0	-1.0
60	71	0.0	0.0	-1.0
60	72	0.0	0.0	-1.0
60	73	0.0	0.0	-1.0
60	74	0.0	0.0	-1.0
60	75	0.0	0.0	-1.0
60	76	0.0	0.0	-1.0
60	77	0.0	0.0	-1.0
60	78	0.0	0.0	-1.0
61	50	0.0	0.0	-1.0
61	51	0.0	0.0	-1.0
61	52	0.0	0.0	-1.0
61	53	0.0	0.0	-1.0
61	54	0.0	0.0	-1.0
61	55	0.0	0.0	-1.0
61	56	0.0	0.0	-1.0
61	57	0.0	0.0	-1.0
61	58	0.0	0.0	-1.0
61	59	0.0	0.0	-1.0
61	60	0.0	0.0	-1.0
61	61	0.0	0.0	-1.0
61	62	0.0	0.0	-1.0
61	63	0.0	0.0	-1.0
61	64	0.0	0.0	-1.0
61	65	0.0	0.0	-1.0
61	66	0.0	0.0	-1.0
61	67	0.0	0.0	-1.0
61	68	0.0	0.0	-1.0
61	69	0.0	0.0	-1.0
61	70	0.0	0.0	-1.0
61	71	0.0	0.0	-1.0
61	72	0.0	0.0	-1.0
61	73	0.0	0.0	-1.0
61	74	0.0	0.0	-1.0
61	75	0.0	0.0	-1.0
61	76	0.0	0.0	-1.0
61	77	0.0	0.0	-1.0
61	78	0.0	0.0	-1.0
62	50	0.0	0.0	-1.0
62	51	0.0	0.0	-1.0
62	52	0.0	0.0	-1.0
62	53	0.0	0.0	-1.0
62	54	0.0	0.0	-1.0
62	55	0.0	0.0	-1.0
62	56	0.0	0.0	-1.0
62	57	0.0	0.0	-1.0
62	58	0.0	0.0	-1.0
62	59	0.0	0.0	-1.0
62	60	0.0	0.0	-1.0
62	61	0.0	0.0	-1.0
62	62	0.0	0.0	-1.0
62	63	0.0	0.0	-1.0
62	64	0.0	0.0	-1.0
62	65	0.0	0.0	-1.0
62	66	0.0	0.0	-1.0
62	67	0.0	0.0	-1.0
62	68	0.0	0.0	-1.0
62	69	0.0	0.0	-1.0
62	70	0.0	0.0	-1.0
62	71	0.0	0.0	-1.0
62	72	0.0	0.0	-1.0
62	73	0.0	0.0	-1.0
62	74	0.0	0.0	-1.0
62	75	0.0	0.0	-1.0
62	76	0.0	0.0	-1.0
62	77	0.0	0.0	-1.0
62	78	0.0	0.0	-1.0
63	50	0.0	0.0	-1.0
63	51	0.0	0.0	-1.0
63	52	0.0	0.0	-1.0
63	53	0.0	0.0	-1.0
63	54	0.0	0.0	-1.0
63	55	0.0	0.0	-1.0
63	56	0.0	0.0	-1.0
63	57	0.0	0.0	-1.0
63	58	0.0	0.0	-1.0
63	59	0.0	0.0	-1.0
63	60	0.0	0.0	-1.0
63	61	0.0	0.0	-1.0
63	62	0.0	0.0	-1.0
63	63	0.0	0.0	-1.0
63	64	0.0	0.0	-1.0
63	65	0.0	0.0	-1.0
63	66	0.0	0.0	-1.0
63	67	0.0	0.0	-1.0
63	68	0.0	0.0	-1.0
63	69	0.0	0.0	-1.0
63	70	0.0	0.0	-1.0
63	71	0.0	0.0	-1.0
63	72	0.0	0.0	-1.0
63	73	0.0	0.0	-1.0
63	74	0.0	0.0	-1.0
63	75	0.0	0.0	-1.0
63	76	0.0	0.0	-1.0
63	77	0.0	0.0	-1.0
63	78	0.0	0.0	-1.0
64	50	0.0	0.0	-1.0
64	51	0.0	0.0	-1.0
64	52	0.0	0.0	-1.0
64	53	0.0	0.0	-1.0
64	54	0.0	0.0	-1.0
64	55	0.0	0.0	-1.0
64	56	0.0	0.0	-1.0
64	57	0.0	0.0	-1.0
64	58	0.0	0.0	-1.0
64	59	0.0	0.0	-1.0
64	60	0.0	0.0	-1.0
64	61	0.0	0.0	-1.0
64	62	0.0	0.0	-1.0
64	63	0.0	0.0	-1.0
64	64	0.0	0.0	-1.0
64	65	0.0	0.0	-1.0
64	66	0.0	0.0	-1.0
64	67	0.0	0.0	-1.0
64	68	0.0	0.0	-1.0
64	69	0.0	0.0	-1.0
64	70	0.0	0.0	-1.0
64	71	0.0	0.0	-1.0
64	72	0.0	0.0	-1.0
64	73	0.0	0.0	-1.0
64	74	0.0	0.0	-1.0
64	75	0.0	0.0	-1.0
64	76	0.0	0.0	-1.0
64	77	0.0	0.0	-1.0
64	78	0.0	0.0	-1.0
65	50	0.0	0.0	-1.0
65	51	0.0	0.0	-1.0
65	52	0.0	0.0	-1.0
65	53	0.0	0.0	-1.0
65	54	0.0	0.0	-1.0
65	55	0.0	0.0	-1.0
65	56	0.0	0.0	-1.0
65	57	0.0	0.0	-1.0
65	58	0.0	0.0	-1.0
65	59	0.0	0.0	-1.0
65	60	0.0	0.0	-1.0
65	61	0.0	0.0	-1.0
65	62	0.0	0.0	-1.0
65	63	0.0	0.0	-1.0
65	64	0.0	0.0	-1.0
65	65	0.0	0.0	-1.0
65	66	0.0	0.0	-1.0
65	67	0.0	0.0	-1.0
65	68	0.0	0.0	-1.0
65	69	0.0	0.0	-1.0
65	70	0.0	0.0	-1.0
65	71	0.0	0.0	-1.0
65	72	0.0	0.0	-1.0
65	73	0.0	0.0	-1.0
65	74	0.0	0.0	-1.0
65	75	0.0	0.0	-1.0
65	76	0.0	0.0	-1.0
65	77	0.0	0.0	-1.0
65	78	0.0	0.0	-1.0
66	50	0.0	0.0	-1.0
66	51	0.0	0.0	-1.0
66	52	0.0	0.0	-1.0
66	53	0.0	0.0	-1.0
66	54	0.0	0.0	-1.0
66	55	0.0	0.0	-1.0
66	56	0.0	0.0	-1.0
66	57	0.0	0.0	-1.0
66	58	0.0	0.0	-1.0
66	59	0.0	0.0	-1.0
66	60	0.0	0.0	-1.0
66	61	0.0	0.0	-1.0
66	62	0.0	0.0	-1.0
66	63	0.0	0.0	-1.0
66	64	0.0	0.0	-1.0
66	65	0.0	0.0	-1.0
66	66	0.0	0.0	-1.0
66	67	0.0	0.0	-1.0
66	68	0.0	0.0	-1.0
66	69	0.0	0.0	-1.0
66	70	0.0	0.0	-1.0
66	71	0.0	0.0	-1.0
66	72	0.0	0.0	-1.0
66	73	0.0	0.0	-1.0
66	74	0.0	0.0	-1.0
66	75	0.0	0.0	-1.0
66	76	0.0	0.0	-1.0
66	77	0.0	0.0	-1.0
66	78	0.0	0.0	-1.0
67	51	0.0	0.0	-1.0
67	52	0.0	0.0	-1.0
67	53	0.0	0.0	-1.0
67	54	0.0	0.0	-1.0
67	55	0.0	0.0	-1.0
67	56	0.0	0.0	-1.0
67	57	0.0	0.0	-1.0
67	58	0.0	0.0	-1.0
67	59	0.0	0.0	-1.0
67	60	0.0	0.0	-1.0
67	61	0.0	0.0	-1.0
67	62	0.0	0.0	-1.0
67	63	0.0	0.0	-1.0
67	64	0.0	0.0	-1.0
67	65	0.0	0.0	-1.0
67	66	0.0	0.0	-1.0
67	67	0.0	0.0	-1.0
67	68	0.0	0.0	-1.0
67	69	0.0	0.0	-1.0
67	70	0.0	0.0	-1.0
67	71	0.0	0.0	-1.0
67	72	0.0	0.0	-1.0
67	73	0.0	0.0	-1.0
67	74	0.0	0.0	-1.0
67	75	0.0	0.0	-1.0
67	76	0.0	0.0	-1.0
67	77	0.0	0.0	-1.0
68	51	0.0	0.0	-1.0
68	52	0.0	0.0	-1.0
68	53	0.0	0.0	-1.0
68	54	0.0	0.0	-1.0
68	55	0.0	0.0	-1.0
68	56	0.0	0.0	-1.0
68	57	0.0	0.0	-1.0
68	58	0.0	0.0	-1.0
68	59	0.0	0.0	-1.0
68	60	0.0	0.0	-1.0
68	61	0.0	0.0	-1.0
68	62	0.0	0.0	-1.0
68	63	0.0	0.0	-1.0
68	64	0.0	0.0	-1.0
68	65	0.0	0.0	-1.0
68	66	0.0	0.0	-1.0
68	67	0.0	0.0	-1.0
68	68	0.0	0.0	-1.0
68	69	0.0	0.0	-1.0
68	70	0.0	0.0	-1.0
68	71	0.0	0.0	-1.0
68	72	0.0	0.0	-1.0
68	73	0.0	0.0	-1.0
68	74	0.0	0.0	-1.0
68	75	0.0	0.0	-1.0
68	76	0.0	0.0	-1.0
68	77	0.0	0.0	-1.0
69	51	0.0	0.0	-1.0
69	52	0.0	0.0	-1.0
69	53	0.0	0.0	-1.0
69	54	0.0	0.0	-1.0
69	55	0.0	0.0	-1.0
69	56	0.0	0.0	-1.0
69	57	0.0	0.0	-1.0
69	58	0.0	0.0	-1.0
69	59	0.0	0.0	-1.0
69	60	0.0	0.0	-1.0
69	61	0.0	0.0	-1.0
69	62	0.0	0.0	-1.0
69	63	0.0	0.0	-1.0
69	64	0.0	0.0	-1.0
69	65	0.0	0.0	-1.0
69	66	0.0	0.0	-1.0
69	67	0.0	0.0	-1.0
69	68	0.0	0.0	-1.0
69	69	0.0	0.0	-1.0
69	70	0.0	0.0	-1.0
69	71	0.0	0.0	-1.0
69	72	0.0	0.0	-1.0
69	73	0.0	0.0	-1.0
69	74	0.0	0.0	-1.0
69	75	0.0	0.0	-1.0
69	76	0.0	0.0	-1.0
69	77	0.0	0.0	-1.0
70	51	0.0	0.0	-1.0
70	52	0.0	0.0	-1.0
70	53	0.0	0.0	-1.0
70	54	0.0	0.0	-1.0
70	55	0.0	0.0	-1.0
70	56	0.0	0.0	-1.0
70	57	0.0	0.0	-1.0
70	58	0.0	0.0	-1.0
70	59	0.0	0.0	-1.0
70	60	0.0	0.0	-1.0
70	61	0.0	0.0	-1.0
70	62	0.0	0.0	-1.0
70	63	0.0	0.0	-1.0
70	64	0.0	0.0	-1.0
70	65	0.0	0.0	-1.0
70	66	0.0	0.0	-1.0
70	67	0.0	0.0	-1.0
70	68	0.0	0.0	-1.0
70	69	0.0	0.0	-1.0
70	70	0.0	0.0	-1.0
70	71	0.0	0.0	-1.0
70	72	0.0	0.0	-1.0
70	73	0.0	0.0	-1.0
70	74	0.0	0.0	-1.0
70	75	0.0	0.0	-1.0
70	76	0.0	0.0	-1.0
70	77	0.0	0.0	-1.0
71	52	0.0	0.0	-1.0
71	53	0.0	0.0	-1.0
71	54	0.0	0.0	-1.0
71	55	0.0	0.0	-1.0
71	56	0.0	0.0	-1.0
71	57	0.0	0.0	-1.0
71	58	0.0	0.0	-1.0
71	59	0.0	0.0	-1.0
71	60	0.0	0.0	-1.0
71	61	0.0	0.0	-1.0
71	62	0.0	0.0	-1.0
71	63	0.0	0.0	-1.0
71	64	0.0	0.0	-1.0
71	65	0.0	0.0	-1.0
71	66	0.0	0.0	-1.0
71	67	0.0	0.0	-1.0
71	68	0.0	0.0	-1.0
71	69	0.0	0.0	-1.0
71	70	0.0	0.0	-1.0
71	71	0.0	0.0	-1.0
71	72	0.0	0.0	-1.0
71	73	0.0	0.0	-1.0
71	74	0.0	0.0	-1.0
71	75	0.0	0.0	-1.0
71	76	0.0	0.0	-1.0
72	52	0.0	0.0	-1.0
72	53	0.0	0.0	-1.0
72	54	0.0	0.0	-1.0
72	55	0.0	0.0	-1.0
72	56	0.0	0.0	-1.0
72	57	0.0	0.0	-1.0
72	58	0.0	0.0	-1.0
72	59	0.0	0.0	-1.0
72	60	0.0	0.0	-1.0
72	61	0.0	0.0	-1.0
72	62	0.0	0.0	-1.0
72	63	0.0	0.0	-1.0
72	64	0.0	0.0	-1.0
72	65	0.0	0.0	-1.0
72	66	0.0	0.0	-1.0
72	67	0.0	0.0	-1.0
72	68	0.0	0.0	-1.0
72	69	0.0	0.0	-1.0
72	70	0.0	0.0	-1.0
72	71	0.0	0.0	-1.0
72	72	0.0	0.0	-1.0
72	73	0.0	0.0	-1.0
72	74	0.0	0.0	-1.0
72	75	0.0	0.0	-1.0
72	76	0.0	0.0	-1.0
73	52	0.0	0.0	-1.0
73	53	0.0	0.0	-1.0
73	54	0.0	0.0	-1.0
73	55	0.0	0.0	-1.0
73	56	0.0	0.0	-1.0
73	57	0.0	0.0	-1.0
73	58	0.0	0.0	-1.0
73	59	0.0	0.0	-1.0
73	60	0.0	0.0	-1.0
73	61	0.0	0.0	-1.0
73	62	0.0	0.0	-1.0
73	63	0.0	0.0	-1.0
73	64	0.0	0.0	-1.0
73	65	0.0	0.0	-1.0
73	66	0.0	0.0	-1.0
73	67	0.0	0.0	-1.0
73	68	0.0	0.0	-1.0
73	69	0.0	0.0	-1.0
73	70	0.0	0.0	-1.0
73	71	0.0	0.0	-1.0
73	72	0.0	0.0	-1.0
73	73	0.0	0.0	-1.0
73	74	0.0	0.0	-1.0
73	75	0.0	0.0	-1.0
73	76	0.0	0.0	-1.0
74	52	0.0	0.0	-1.0
74	53	0.0	0.0	-1.0
74	54	0.0	0.0	-1.0
74	55	0.0	0.0	-1.0
74	56	0.0	0.0	-1.0
74	57	0.0	0.0	-1.0
74	58	0.0	0.0	-1.0
74	59	0.0	0.0	-1.0
74	60	0.0	0.0	-1.0
74	61	0.0	0.0	-1.0
74	62	0.0	0.0	-1.0
74	63	0.0	0.0	-1.0
74	64	0.0	0.0	-1.0
74	65	0.0	0.0	-1.0
74	66	0.0	0.0	-1.0
74	67	0.0	0.0	-1.0
74	68	0.0	0.0	-1.0
74	69	0.0	0.0	-1.0
74	70	0.0	0.0	-1.0
74	71	0.0	0.0	-1.0
74	72	0.0	0.0	-1.0
74	73	0.0	0.0	-1.0
74	74	0.0	0.0	-1.0
74	75	0.0	0.0	-1.0
74	76	0.0	0.0	-1.0
75	53	0.0	0.0	-1.0
75	54	0.0	0.0	-1.0
75	55	0.0	0.0	-1.0
75	56	0.0	0.0	-1.0
75	57	0.0	0.0	-1.0
75	58	0.0	0.0	-1.0
75	59	0.0	0.0	-1.0
75	60	0.0	0.0	-1.0
75	61	0.0	0.0	-1.0
75	62	0.0	0.0	-1.0
75	63	0.0	0.0	-1.0
75	64	0.0	0.0	-1.0
75	65	0.0	0.0	-1.0
75	66	0.0	0.0	-1.0
75	67	0.0	0.0	-1.0
75	68	0.0	0.0	-1.0
75	69	0.0	0.0	-1.0
75	70	0.0	0.0	-1.0
75	71	0.0	0.0	-1.0
75	72	0.0	0.0	-1.0
75	73	0.0	0.0	-1.0
75	74	0.0	0.0	-1.0
75	75	0.0	0.0	-1.0
76	53	0.0	0.0	-1.0
76	54	0.0	0.0	-1.0
76	55	0.0	0.0	-1.0
76	56	0.0	0.0	-1.0
76	57	0.0	0.0	-1.0
76	58	0.0	0.0	-1.0
76	59	0.0	0.0	-1.0
76	60	0.0	0.0	-1.0
76	61	0.0	0.0	-1.0
76	62	0.0	0.0	-1.0
76	63	0.0	0.0	-1.0
76	64	0.0	0.0	-1.0
76	65	0.0	0.0	-1.0
76	66	0.0	0.0	-1.0
76	67	0.0	0.0	-1.0
76	68	0.0	0.0	-1.0
76	69	0.0	0.0	-1.0
76	70	0.0	0.0	-1.0
76	71	0.0	0.0	-1.0
76	72	0.0	0.0	-1.0
76	73	0.0	0.0	-1.0
76	74	0.0	0.0	-1.0
76	75	0.0	0.0	-1.0
77	54	0.0	0.0	-1.0
77	55	0.0	0.0	-1.0
77	56	0.0	0.0	-1.0
77	57	0.0	0.0	-1.0
77	58	0.0	0.0	-1.0
77	59	0.0	0.0	-1.0
77	60	0.0	0.0	-1.0
77	61	0.0	0.0	-1.0
77	62	0.0	0.0	-1.0
77	63	0.0	0.0	-1.0
77	64	0.0	0.0	-1.0
77	65	0.0	0.0	-1.0
77	66	0.0	0.0	-1.0
77	67	0.0	0.0	-1.0
77	68	0.0	0.0	-1.0
77	69	0.0	0.0	-1.0
77	70	0.0	0.0	-1.0
77	71	0.0	0.0	-1.0
77	72	0.0	0.0	-1.0
77	73	0.0	0.0	-1.0
77	74	0.0	0.0	-1.0
78	54	0.0	0.0	-1.0
78	55	0.0	0.0	-1.0
78	56	0.0	0.0	-1.0
78	57	0.0	0.0	-1.0
78	58	0.0	0.0	-1.0
78	59	0.0	0.0	-1.0
78	60	0.0	0.0	-1.0
78	61	0.0	0.0	-1.0
78	62	0.0	0.0	-1.0
78	63	0.0	0.0	-1.0
78	64	0.0	0.0	-1.0
78	65	0.0	0.0	-1.0
78	66	0.0	0.0	-1.0
78	67	0.0	0.0	-1.0
78	68	0.0	0.0	-1.0
78	69	0.0	0.0	-1.0
78	70	0.0	0.0	-1.0
78	71	0.0	0.0	-1.0
78	72	0.0	0.0	-1.0
78	73	0.0	0.0	-1.0
78	74	0.0	0.0	-1.0
79	55	0.0	0.0	-1.0
79	56	0.0	0.0	-1.0
79	57	0.0	0.0	-1.0
79	58	0.0	0.0	-1.0
79	59	0.0	0.0	-1.0
79	60	0.0	0.0	-1.0
79	61	0.0	0.0	-1.0
79	62	0.0	0.0	-1.0
79	63	0.0	0.0	-1.0
79	64	0.0	0.0	-1.0
79	65	0.0	0.0	-1.0
79	66	0.0	0.0	-1.0
79	67	0.0	0.0	-1.0
79	68	0.0	0.0	-1.0
79	69	0.0	0.0	-1.0
79	70	0.0	0.0	-1.0
79	71	0.0	0.0	-1.0
79	72	0.0	0.0	-1.0
79	73	0.0	0.0	-1.0
80	55	0.0	0.0	-1.0
80	56	0.0	0.0	-1.0
80	57	0.0	0.0	-1.0
80	58	0.0	0.0	-1.0
80	59	0.0	0.0	-1.0
80	60	0.0	0.0	-1.0
80	61	0.0	0.0	-1.0
80	62	0.0	0.0	-1.0
80	63	0.0	0.0	-1.0
80	64	0.0	0.0	-1.0
80	65	0.0	0.0	-1.0
80	66	0.0	0.0	-1.0
80	67	0.0	0.0	-1.0
80	68	0.0	0.0	-1.0
80	69	0.0	0.0	-1.0
80	70	0.0	0.0	-1.0
80	71	0.0	0.0	-1.0
80	72	0.0	0.0	-1.0
80	73	0.0	0.0	-1.0
81	56	0.0	0.0	-1.0
81	57	0.0	0.0	-1.0
81	58	0.0	0.0	-1.0
81	59	0.0	0.0	-1.0
81	60	0.0	0.0	-1.0
81	61	0.0	0.0	-1.0
81	62	0.0	0.0	-1.0
81	63	0.0	0.0	-1.0
81	64	0.0	0.0	-1.0
81	65	0.0	0.0	-1.0
81	66	0.0	0.0	-1.0
81	67	0.0	0.0	-1.0
81	68	0.0	0.0	-1.0
81	69	0.0	0.0	-1.0
81	70	0.0	0.0	-1.0
81	71	0.0	0.0	-1.0
81	72	0.0	0.0	-1.0
82	57	0.0	0.0	-1.0
82	58	0.0	0.0	-1.0
82	59	0.0	0.0	-1.0
82	60	0.0	0.0	-1.0
82	61	0.0	0.0	-1.0
82	62	0.0	0.0	-1.0
82	63	0.0	0.0	-1.0
82	64	0.0	0.0	-1.0
82	65	0.0	0.0	-1.0
82	66	0.0	0.0	-1.0
82	67	0.0	0.0	-1.0
82	68	0.0	0.0	-1.0
82	69	0.0	0.0	-1.0
82	70	0.0	0.0	-1.0
82	71	0.0	0.0	-1.0
83	58	0.0	0.0	-1.0
83	59	0.0	0.0	-1.0
83	60	0.0	0.0	-1.0
83	61	0.0	0.0	-1.0
83	62	0.0	0.0	-1.0
83	63	0.0	0.0	-1.0
83	64	0.0	0.0	-1.0
83	65	0.0	0.0	-1.0
83	66	0.0	0.0	-1.0
83	67	0.0	0.0	-1.0
83	68	0.0	0.0	-1.0
83	69	0.0	0.0	-1.0
83	70	0.0	0.0	-1.0
84	59	0.0	0.0	-1.0
84	60	0.0	0.0	-1.0
84	61	0.0	0.0	-1.0
84	62	0.0	0.0	-1.0
84	63	0.0	0.0	-1.0
84	64	0.0	0.0	-1.0
84	65	0.0	0.0	-1.0
84	66	0.0	0.0	-1.0
84	67	0.0	0.0	-1.0
84	68	0.0	0.0	-1.0
84	69	0.0	0.0	-1.0
85	61	0.0	0.0	-1.0
85	62	0.0	0.0	-1.0
85	63	0.0	0.0	-1.0
85	64	0.0	0.0	-1.0
85	65	0.0	0.0	-1.0
85	66	0.0	0.0	-1.0
85	67	0.0	0.0	-1.0
86	64	0.0	0.0	-1.0
14	25	0.0	0.0	-1.0
14	26	0.0	0.0	-1.0
14	27	0.0	0.0	-1.0
14	28	0.0	0.0	-1.0
14	29	0.0	0.0	-1.0
14	30	0.0	0.0	-1.0
14	31	0.0	0.0	-1.0
14	32	0.0	0.0	-1.0
14	33	0.0	0.0	-1.0
14	34	0.0	0.0	-1.0
14	35	0.0	0.0	-1.0
14	36	0.0	0.0	-1.0
14	37	0.0	0.0	-1.0
14	38	0.0	0.0	-1.0
15	25	0.0	0.0	-1.0
15	26	0.0	0.0	-1.0
15	27	0.0	0.0	-1.0
15	28	0.0	0.0	-1.0
15	29	0.0	0.0	-1.0
15	30	0.0	0.0	-1.0
15	31	0.0	0.0	-1.0
15	32	0.0	0.0	-1.0
15	33	0.0	0.0	-1.0
15	34	0.0	0.0	-1.0
15	35	0.0	0.0	-1.0
15	36	0.0	0.0	-1.0
15	37	0.0	0.0	-1.0
15	38	0.0	0.0	-1.0
16	25	0.0	0.0	-1.0
16	26	0.0	0.0	-1.0
16	27	0.0	0.0	-1.0
16	28	0.0	0.0	-1.0
16	29	0.0	0.0	-1.0
16	30	0.0	0.0	-1.0
16	31	0.0	0.0	-1.0
16	32	0.0	0.0	-1.0
16	33	0.0	0.0	-1.0
16	34	0.0	0.0	-1.0
16	35	0.0	0.0	-1.0
16	36	0.0	0.0	-1.0
16	37	0.0	0.0	-1.0
16	38	0.0	0.0	-1.0
17	25	0.0	0.0	-1.0
17	26	0.0	0.0	-1.0
17	27	0.0	0.0	-1.0
17	28	0.0	0.0	-1.0
17	29	0.0	0.0	-1.0
17	30	0.0	0.0	-1.0
17	31	0.0	0.0	-1.0
17	32	0.0	0.0	-1.0
17	33	0.0	0.0	-1.0
17	34	0.0	0.0	-1.0
17	35	0.0	0.0	-1.0
17	36	0.0	0.0	-1.0
17	37	0.0	0.0	-1.0
17	38	0.0	0.0	-1.0
18	25	0.0	0.0	-1.0
18	26	0.0	0.0	-1.0
18	27	0.0	0.0	-1.0
18	28	0.0	0.0	-1.0
18	29	0.0	0.0	-1.0
18	30	0.0	0.0	-1.0
18	31	0.0	0.0	-1.0
18	32	0.0	0.0	-1.0
18	33	0.0	0.0	-1.0
18	34	0.0	0.0	-1.0
18	35	0.0	0.0	-1.0
18	36	0.0	0.0	-1.0
18	37	0.0	0.0	-1.0
18	38	0.0	0.0	-1.0
19	25	0.0	0.0	-1.0
19	26	0.0	0.0	-1.0
19	27	0.0	0.0	-1.0
19	28	0.0	0.0	-1.0
19	29	0.0	0.0	-1.0
19	30	0.0	0.0	-1.0
19	31	0.0	0.0	-1.0
19	32	0.0	0.0	-1.0
19	33	0.0	0.0	-1.0
19	34	0.0	0.0	-1.0
19	35	0.0	0.0	-1.0
19	36	0.0	0.0	-1.0
19	37	0.0	0.0	-1.0
19	38	0.0	0.0	-1.0
20	25	0.0	0.0	-1.0
20	26	0.0	0.0	-1.0
20	27	0.0	0.0	-1.0
20	28	0.0	0.0	-1.0
20	29	0.0	0.0	-1.0
20	30	0.0	0.0	-1.0
20	31	0.0	0.0	-1.0
20	32	0.0	0.0	-1.0
20	33	0.0	0.0	-1.0
20	34	0.0	0.0	-1.0
20	35	0.0	0.0	-1.0
20	36	0.0	0.0	-1.0
20	37	0.0	0.0	-1.0
20	38	0.0	0.0	-1.0
21	25	0.0	0.0	-1.0
21	26	0.0	0.0	-1.0
21	27	0.0	0.0	-1.0
21	28	0.0	0.0	-1.0
21	29	0.0	0.0	-1.0
21	30	0.0	0.0	-1.0
21	31	0.0	0.0	-1.0
21	32	0.0	0.0	-1.0
21	33	0.0	0.0	-1.0
21	34	0.0	0.0	-1.0
21	35	0.0	0.0	-1.0
21	36	0.0	0.0	-1.0
21	37	0.0	0.0	-1.0
21	38	0.0	0.0	-1.0
22	25	0.0	0.0	-1.0
22	26	0.0	0.0	-1.0
22	27	0.0	0.0	-1.0
22	28	0.0	0.0	-1.0
22	29	0.0	0.0	-1.0
22	30	0.0	0.0	-1.0
22	31	0.0	0.0	-1.0
22	32	0.0	0.0	-1.0
22	33	0.0	0.0	-1.0
22	34	0.0	0.0	-1.0
22	35	0.0	0.0	-1.0
22	36	0.0	0.0	-1.0
22	37	0.0	0.0	-1.0
22	38	0.0	0.0	-1.0
23	25	0.0	0.0	-1.0
23	26	0.0	0.0	-1.0
23	27	0.0	0.0	-1.0
23	28	0.0	0.0	-1.0
23	29	0.0	0.0	-1.0
23	30	0.0	0.0	-1.0
23	31	0.0	0.0	-1.0
23	32	0.0	0.0	-1.0
23	33	0.0	0.0	-1.0
23	34	0.0	0.0	-1.0
23	35	0.0	0.0	-1.0
23	36	0.0	0.0	-1.0
23	37	0.0	0.0	-1.0
23	38	0.0	0.0	-1.0
24	25	0.0	0.0	-1.0
24	26	0.0	0.0	-1.0
24	27	0.0	0.0	-1.0
24	28	0.0	0.0	-1.0
24	29	0.0	0.0	-1.0
24	30	0.0	0.0	-1.0
24	31	0.0	0.0	-1.0
24	32	0.0	0.0	-1.0
24	33	0.0	0.0	-1.0
24	34	0.0	0.0	-1.0
24	35	0.0	0.0	-1.0
24	36	0.0	0.0	-1.0
24	37	0.0	0.0	-1.0
24	38	0.0	0.0	-1.0
25	25	0.0	0.0	-1.0
25	26	0.0	0.0	-1.0
25	27	0.0	0.0	-1.0
25	28	0.0	0.0	-1.0
25	29	0.0	0.0	-1.0
25	30	0.0	0.0	-1.0
25	31	0.0	0.0	-1.0
25	32	0.0	0.0	-1.0
25	33	0.0	0.0	-1.0
25	34	0.0	0.0	-1.0
25	35	0.0	0.0	-1.0
25	36	0.0	0.0	-1.0
25	37	0.0	0.0	-1.0
25	38	0.0	0.0	-1.0
26	25	0.0	0.0	-1.0
26	26	0.0	0.0	-1.0
26	27	0.0	0.0	-1.0
26	28	0.0	0.0	-1.0
26	29	0.0	0.0	-1.0
26	30	0.0	0.0	-1.0
26	31	0.0	0.0	-1.0
26	32	0.0	0.0	-1.0
26	33	0.0	0.0	-1.0
26	34	0.0	0.0	-1.0
26	35	0.0	0.0	-1.0
26	36	0.0	0.0	-1.0
26	37	0.0	0.0	-1.0
26	38	0.0	0.0	-1.0
27	25	0.0	0.0	-1.0
27	26	0.0	0.0	-1.0
27	27	0.0	0.0	-1.0
27	28	0.0	0.0	-1.0
27	29	0.0	0.0	-1.0
27	30	0.0	0.0	-1.0
27	31	0.0	0.0	-1.0
27	32	0.0	0.0	-1.0
27	33	0.0	0.0	-1.0
27	34	0.0	0.0	-1.0
27	35	0.0	0.0	-1.0
27	36	0.0	0.0	-1.0
27	37	0.0	0.0	-1.0
27	38	0.0	0.0	-1.0
28	25	0.0	0.0	-1.0
28	26	0.0	0.0	-1.0
28	27	0.0	0.0	-1.0
28	28	0.0	0.0	-1.0
28	29	0.0	0.0	-1.0
28	30	0.0	0.0	-1.0
28	31	0.0	0.0	-1.0
28	32	0.0	0.0	-1.0
28	33	0.0	0.0	-1.0
28	34	0.0	0.0	-1.0
28	35	0.0	0.0	-1.0
28	36	0.0	0.0	-1.0
28	37	0.0	0.0	-1.0
28	38	0.0	0.0	-1.0
29	25	0.0	0.0	-1.0
29	26	0.0	0.0	-1.0
29	27	0.0	0.0	-1.0
29	28	0.0	0.0	-1.0
29	29	0.0	0.0	-1.0
29	30	0.0	0.0	-1.0
29	31	0.0	0.0	-1.0
29	32	0.0	0.0	-1.0
29	33	0.0	0.0	-1.0
29	34	0.0	0.0	-1.0
29	35	0.0	0.0	-1.0
29	36	0.0	0.0	-1.0
29	37	0.0	0.0	-1.0
29	38	0.0	0.0	-1.0
30	25	0.0	0.0	-1.0
30	26	0.0	0.0	-1.0
30	27	0.0	0.0	-1.0
30	28	0.0	0.0	-1.0
30	29	0.0	0.0	-1.0
30	30	0.0	0.0	-1.0
30	31	0.0	0.0	-1.0
30	32	0.0	0.0	-1.0
30	33	0.0	0.0	-1.0
30	34	0.0	0.0	-1.0
30	35	0.0	0.0	-1.0
30	36	0.0	0.0	-1.0
30	37	0.0	0.0	-1.0
30	38	0.0	0.0	-1.0
31	25	0.0	0.0	-1.0
31	26	0.0	0.0	-1.0
31	27	0.0	0.0	-1.0
31	28	0.0	0.0	-1.0
31	29	0.0	0.0	-1.0
31	30	0.0	0.0	-1.0
31	31	0.0	0.0	-1.0
31	32	0.0	0.0	-1.0
31	33	0.0	0.0	-1.0
31	34	0.0	0.0	-1.0
31	35	0.0	0.0	-1.0
31	36	0.0	0.0	-1.0
31	37	0.0	0.0	-1.0
31	38	0.0	0.0	-1.0
32	25	0.0	0.0	-1.0
32	26	0.0	0.0	-1.0
32	27	0.0	0.0	-1.0
32	28	0.0	0.0	-1.0
32	29	0.0	0.0	-1.0
32	30	0.0	0.0	-1.0
32	31	0.0	0.0	-1.0
32	32	0.0	0.0	-1.0
32	33	0.0	0.0	-1.0
32	34	0.0	0.0	-1.0
32	35	0.0	0.0	-1.0
32	36	0.0	0.0	-1.0
32	37	0.0	0.0	-1.0
32	38	0.0	0.0	-1.0
33	25	0.0	0.0	-1.0
33	26	0.0	0.0	-1.0
33	27	0.0	0.0	-1.0
33	28	0.0	0.0	-1.0
33	29	0.0	0.0	-1.0
33	30	0.0	0.0	-1.0
33	31	0.0	0.0	-1.0
33	32	0.0	0.0	-1.0
33	33	0.0	0.0	-1.0
33	34	0.0	0.0	-1.0
33	35	0.0	0.0	-1.0
33	36	0.0	0.0	-1.0
33	37	0.0	0.0	-1.0
33	38	0.0	0.0	-1.0
34	25	0.0	0.0	-1.0
34	26	0.0	0.0	-1.0
34	27	0.0	0.0	-1.0
34	28	0.0	0.0	-1.0
34	29	0.0	0.0	-1.0
34	30	0.0	0.0	-1.0
34	31	0.0	0.0	-1.0
34	32	0.0	0.0	-1.0
34	33	0.0	0.0	-1.0
34	34	0.0	0.0	-1.0
34	35	0.0	0.0	-1.0
34	36	0.0	0.0	-1.0
34	37	0.0	0.0	-1.0
34	38	0.0	0.0	-1.0
35	25	0.0	0.0	-1.0
35	26	0.0	0.0	-1.0
35	27	0.0	0.0	-1.0
35	28	0.0	0.0	-1.0
35	29	0.0	0.0	-1.0
35	30	0.0	0.0	-1.0
35	31	0.0	0.0	-1.0
35	32	0.0	0.0	-1.0
35	33	0.0	0.0	-1.0
35	34	0.0	0.0	-1.0
35	35	0.0	0.0	-1.0
35	36	0.0	0.0	-1.0
35	37	0.0	0.0	-1.0
35	38	0.0	0.0	-1.0
36	25	0.0	0.0	-1.0
36	26	0.0	0.0	-1.0
36	27	0.0	0.0	-1.0
36	28	0.0	0.0	-1.0
36	29	0.0	0.0	-1.0
36	30	0.0	0.0	-1.0
36	31	0.0	0.0	-1.0
36	32	0.0	0.0	-1.0
36	33	0.0	0.0	-1.0
36	34	0.0	0.0	-1.0
36	35	0.0	0.0	-1.0
36	36	0.0	0.0	-1.0
36	37	0.0	0.0	-1.0
36	38	0.0	0.0	-1.0
37	25	0.0	0.0	-1.0
37	26	0.0	0.0	-1.0
37	27	0.0	0.0	-1.0
37	28	0.0	0.0	-1.0
37	29	0.0	0.0	-1.0
37	30	0.0	0.0	-1.0
37	31	0.0	0.0	-1.0
37	32	0.0	0.0	-1.0
37	33	0.0	0.0	-1.0
37	34	0.0	0.0	-1.0
37	35	0.0	0.0	-1.0
37	36	0.0	0.0	-1.0
37	37	0.0	0.0	-1.0
37	38	0.0	0.0	-1.0
38	25	0.0	0.0	-1.0
38	26	0.0	0.0	-1.0
38	27	0.0	0.0	-1.0
38	28	0.0	0.0	-1.0
38	29	0.0	0.0	-1.0
38	30	0.0	0.0	-1.0
38	31	0.0	0.0	-1.0
38	32	0.0	0.0	-1.0
38	33	0.0	0.0	-1.0
38	34	0.0	0.0	-1.0
38	35	0.0	0.0	-1.0
38	36	0.0	0.0	-1.0
38	37	0.0	0.0	-1.0
38	38	0.0	0.0	-1.0
39	25	0.0	0.0	-1.0
39	26	0.0	0.0	-1.0
39	27	0.0	0.0	-1.0
39	28	0.0	0.0	-1.0
39	29	0.0	0.0	-1.0
39	30	0.0	0.0	-1.0
39	31	0.0	0.0	-1.0
39	32	0.0	0.0	-1.0
39	33	0.0	0.0	-1.0
39	34	0.0	0.0	-1.0
39	35	0.0	0.0	-1.0
39	36	0.0	0.0	-1.0
39	37	0.0	0.0	-1.0
39	38	0.0	0.0	-1.0
40	25	0.0	0.0	-1.0
40	26	0.0	0.0	-1.0
40	27	0.0	0.0	-1.0
40	28	0.0	0.0	-1.0
40	29	0.0	0.0	-1.0
40	30	0.0	0.0	-1.0
40	31	0.0	0.0	-1.0
40	32	0.0	0.0	-1.0
40	33	0.0	0.0	-1.0
40	34	0.0	0.0	-1.0
40	35	0.0	0.0	-1.0
40	36	0.0	0.0	-1.0
40	37	0.0	0.0	-1.0
40	38	0.0	0.0	-1.0
41	25	0.0	0.0	-1.0
41	26	0.0	0.0	-1.0
41	27	0.0	0.0	-1.0
41	28	0.0	0.0	-1.0
41	29	0.0	0.0	-1.0
41	30	0.0	0.0	-1.0
41	31	0.0	0.0	-1.0
41	32	0.0	0.0	-1.0
41	33	0.0	0.0	-1.0
41	34	0.0	0.0	-1.0
41	35	0.0	0.0	-1.0
41	36	0.0	0.0	-1.0
41	37	0.0	0.0	-1.0
41	38	0.0	0.0	-1.0
42	25	0.0	0.0	-1.0
42	26	0.0	0.0	-1.0
42	27	0.0	0.0	-1.0
42	28	0.0	0.0	-1.0
42	29	0.0	0.0	-1.0
42	30	0.0	0.0	-1.0
42	31	0.0	0.0	-1.0
42	32	0.0	0.0	-1.0
42	33	0.0	0.0	-1.0
42	34	0.0	0.0	-1.0
42	35	0.0	0.0	-1.0
42	36	0.0	0.0	-1.0
42	37	0.0	0.0	-1.0
42	38	0.0	0.0	-1.0
15	104	0.0	0.0	-1.0
15	105	0.0	0.0	-1.0
16	102	0.0	0.0	-1.0
16	103	0.0	0.0	-1.0
16	104	0.0	0.0	-1.0
16	105	0.0	0.0	-1.0
16	106	0.0	0.0	-1.0
17	101	0.0	0.0	-1.0
17	102	0.0	0.0	-1.0
17	103	0.0	0.0	-1.0
17	104	0.0	0.0	-1.0
17	105	0.0	0.0	-1.0
17	106	0.0	0.0	-1.0
18	99	0.0	0.0	-1.0
18	100	0.0	0.0	-1.0
18	101	0.0	0.0	-1.0
18	102	0.0	0.0	-1.0
18	103	0.0	0.0	-1.0
18	104	0.0	0.0	-1.0
18	105	0.0	0.0	-1.0
18	106	0.0	0.0	-1.0
18	107	0.0	0.0	-1.0
19	97	0.0	0.0	-1.0
19	98	0.0	0.0	-1.0
19	99	0.0	0.0	-1.0
19	100	0.0	0.0	-1.0
19	101	0.0	0.0	-1.0
19	102	0.0	0.0	-1.0
19	103	0.0	0.0	-1.0
19	104	0.0	0.0	-1.0
19	105	0.0	0.0	-1.0
19	106	0.0	0.0	-1.0
19	107	0.0	0.0	-1.0
19	108	0.0	0.0	-1.0
20	95	0.0	0.0	-1.0
20	96	0.0	0.0	-1.0
20	97	0.0	0.0	-1.0
20	98	0.0	0.0	-1.0
20	99	0.0	0.0	-1.0
20	100	0.0	0.0	-1.0
20	101	0.0	0.0	-1.0
20	102	0.0	0.0	-1.0
20	103	0.0	0.0	-1.0
20	104	0.0	0.0	-1.0
20	105	0.0	0.0	-1.0
20	106	0.0	0.0	-1.0
20	107	0.0	0.0	-1.0
20	108	0.0	0.0	-1.0
21	94	0.0	0.0	-1.0
21	95	0.0	0.0	-1.0
21	96	0.0	0.0	-1.0
21	97	0.0	0.0	-1.0
21	98	0.0	0.0	-1.0
21	99	0.0	0.0	-1.0
21	100	0.0	0.0	-1.0
21	101	0.0	0.0	-1.0
21	102	0.0	0.0	-1.0
21	103	0.0	0.0	-1.0
21	104	0.0	0.0	-1.0
21	105	0.0	0.0	-1.0
21	106	0.0	0.0	-1.0
21	107	0.0	0.0	-1.0
21	108	0.0	0.0	-1.0
21	109	0.0	0.0	-1.0
22	92	0.0	0.0	-1.0
22	93	0.0	0.0	-1.0
22	94	0.0	0.0	-1.0
22	95	0.0	0.0	-1.0
22	96	0.0	0.0	-1.0
22	97	0.0	0.0	-1.0
22	98	0.0	0.0	-1.0
22	99	0.0	0.0	-1.0
22	100	0.0	0.0	-1.0
22	101	0.0	0.0	-1.0
22	102	0.0	0.0	-1.0
22	103	0.0	0.0	-1.0
22	104	0.0	0.0	-1.0
22	105	0.0	0.0	-1.0
22	106	0.0	0.0	-1.0
22	107	0.0	0.0	-1.0
22	108	0.0	0.0	-1.0
22	109	0.0	0.0	-1.0
23	90	0.0	0.0	-1.0
23	91	0.0	0.0	-1.0
23	92	0.0	0.0	-1.0
23	93	0.0	0.0	-1.0
23	94	0.0	0.0	-1.0
23	95	0.0	0.0	-1.0
23	96	0.0	0.0	-1.0
23	97	0.0	0.0	-1.0
23	98	0.0	0.0	-1.0
23	99	0.0	0.0	-1.0
23	100	0.0	0.0	-1.0
23	101	0.0	0.0	-1.0
23	102	0.0	0.0	-1.0
23	103	0.0	0.0	-1.0
23	104	0.0	0.0	-1.0
23	105	0.0	0.0	-1.0
23	106	0.0	0.0	-1.0
23	107	0.0	0.0	-1.0
23	108	0.0	0.0	-1.0
23	109	0.0	0.0	-1.0
23	110	0.0	0.0	-1.0
24	88	0.0	0.0	-1.0
24	89	0.0	0.0	-1.0
24	90	0.0	0.0	-1.0
24	91	0.0	0.0	-1.0
24	92	0.0	0.0	-1.0
24	93	0.0	0.0	-1.0
24	94	0.0	0.0	-1.0
24	95	0.0	0.0	-1.0
24	96	0.0	0.0	-1.0
24	97	0.0	0.0	-1.0
24	98	0.0	0.0	-1.0
24	99	0.0	0.0	-1.0
24	100	0.0	0.0	-1.0
24	101	0.0	0.0	-1.0
24	102	0.0	0.0	-1.0
24	103	0.0	0.0	-1.0
24	104	0.0	0.0	-1.0
24	105	0.0	0.0	-1.0
24	106	0.0	0.0	-1.0
24	107	0.0	0.0	-1.0
24	108	0.0	0.0	-1.0
24	109	0.0	0.0	-1.0
24	110	0.0	0.0	-1.0
24	111	0.0	0.0	-1.0
25	87	0.0	0.0	-1.0
25	88	0.0	0.0	-1.0
25	89	0.0	0.0	-1.0
25	90	0.0	0.0	-1.0
25	91	0.0	0.0	-1.0
25	92	0.0	0.0	-1.0
25	93	0.0	0.0	-1.0
25	94	0.0	0.0	-1.0
25	95	0.0	0.0	-1.0
25	96	0.0	0.0	-1.0
25	97	0.0	0.0	-1.0
25	98	0.0	0.0	-1.0
25	99	0.0	0.0	-1.0
25	100	0.0	0.0	-1.0
25	101	0.0	0.0	-1.0
25	102	0.0	0.0	-1.0
25	103	0.0	0.0	-1.0
25	104	0.0	0.0	-1.0
25	105	0.0	0.0	-1.0
25	106	0.0	0.0	-1.0
25	107	0.0	0.0	-1.0
25	108	0.0	0.0	-1.0
25	109	0.0	0.0	-1.0
25	110	0.0	0.0	-1.0
25	111	0.0	0.0	-1.0
26	85	0.0	0.0	-1.0
26	86	0.0	0.0	-1.0
26	87	0.0	0.0	-1.0
26	88	0.0	0.0	-1.0
26	89	0.0	0.0	-1.0
26	90	0.0	0.0	-1.0
26	91	0.0	0.0	-1.0
26	92	0.0	0.0	-1.0
26	93	0.0	0.0	-1.0
26	94	0.0	0.0	-1.0
26	95	0.0	0.0	-1.0
26	96	0.0	0.0	-1.0
26	97	0.0	0.0	-1.0
26	98	0.0	0.0	-1.0
26	99	0.0	0.0	-1.0
26	100	0.0	0.0	-1.0
26	101	0.0	0.0	-1.0
26	102	0.0	0.0	-1.0
26	103	0.0	0.0	-1.0
26	104	0.0	0.0	-1.0
26	105	0.0	0.0	-1.0
26	106	0.0	0.0	-1.0
26	107	0.0	0.0	-1.0
26	108	0.0	0.0	-1.0
26	109	0.0	0.0	-1.0
26	110	0.0	0.0	-1.0
26	111	0.0	0.0	-1.0
27	83	0.0	0.0	-1.0
27	84	0.0	0.0	-1.0
27	85	0.0	0.0	-1.0
27	86	0.0	0.0	-1.0
27	87	0.0	0.0	-1.0
27	88	0.0	0.0	-1.0
27	89	0.0	0.0	-1.0
27	90	0.0	0.0	-1.0
27	91	0.0	0.0	-1.0
27	92	0.0	0.0	-1.0
27	93	0.0	0.0	-1.0
27	94	0.0	0.0	-1.0
27	95	0.0	0.0	-1.0
27	96	0.0	0.0	-1.0
27	97	0.0	0.0	-1.0
27	98	0.0	0.0	-1.0
27	99	0.0	0.0	-1.0
27	100	0.0	0.0	-1.0
27	101	0.0	0.0	-1.0
27	102	0.0	0.0	-1.0
27	103	0.0	0.0	-1.0
27	104	0.0	0.0	-1.0
27	105	0.0	0.0	-1.0
27	106	0.0	0.0	-1.0
27	107	0.0	0.0	-1.0
27	108	0.0	0.0	-1.0
27	109	0.0	0.0	-1.0
27	110	0.0	0.0	-1.0
27	111	0.0	0.0	-1.0
28	82	0.0	0.0	-1.0
28	83	0.0	0.0	-1.0
28	84	0.0	0.0	-1.0
28	85	0.0	0.0	-1.0
28	86	0.0	0.0	-1.0
28	87	0.0	0.0	-1.0
28	88	0.0	0.0	-1.0
28	89	0.0	0.0	-1.0
28	90	0.0	0.0	-1.0
28	91	0.0	0.0	-1.0
28	92	0.0	0.0	-1.0
28	93	0.0	0.0	-1.0
28	94	0.0	0.0	-1.0
28	95	0.0	0.0	-1.0
28	96	0.0	0.0	-1.0
28	97	0.0	0.0	-1.0
28	98	0.0	0.0	-1.0
28	99	0.0	0.0	-1.0
28	100	0.0	0.0	-1.0
28	101	0.0	0.0	-1.0
28	102	0.0	0.0	-1.0
28	103	0.0	0.0	-1.0
28	104	0.0	0.0	-1.0
28	105	0.0	0.0	-1.0
28	106	0.0	0.0	-1.0
28	107	0.0	0.0	-1.0
28	108	0.0	0.0	-1.0
28	109	0.0	0.0	-1.0
28	110	0.0	0.0	-1.0
29	80	0.0	0.0	-1.0
29	81	0.0	0.0	-1.0
29	82	0.0	0.0	-1.0
29	83	0.0	0.0	-1.0
29	84	0.0	0.0	-1.0
29	85	0.0	0.0	-1.0
29	86	0.0	0.0	-1.0
29	87	0.0	0.0	-1.0
29	88	0.0	0.0	-1.0
29	89	0.0	0.0	-1.0
29	90	0.0	0.0	-1.0
29	91	0.0	0.0	-1.0
29	92	0.0	0.0	-1.0
29	93	0.0	0.0	-1.0
29	94	0.0	0.0	-1.0
29	95	0.0	0.0	-1.0
29	96	0.0	0.0	-1.0
29	97	0.0	0.0	-1.0
29	98	0.0	0.0	-1.0
29	99	0.0	0.0	-1.0
29	100	0.0	0.0	-1.0
29	101	0.0	0.0	-1.0
29	102	0.0	0.0	-1.0
29	103	0.0	0.0	-1.0
29	104	0.0	0.0	-1.0
29	105	0.0	0.0	-1.0
29	106	0.0	0.0	-1.0
29	107	0.0	0.0	-1.0
29	108	0.0	0.0	-1.0
29	109	0.0	0.0	-1.0
30	80	0.0	0.0	-1.0
30	81	0.0	0.0	-1.0
30	82	0.0	0.0	-1.0
30	83	0.0	0.0	-1.0
30	84	0.0	0.0	-1.0
30	85	0.0	0.0	-1.0
30	86	0.0	0.0	-1.0
30	87	0.0	0.0	-1.0
30	88	0.0	0.0	-1.0
30	89	0.0	0.0	-1.0
30	90	0.0	0.0	-1.0
30	91	0.0	0.0	-1.0
30	92	0.0	0.0	-1.0
30	93	0.0	0.0	-1.0
30	94	0.0	0.0	-1.0
30	95	0.0	0.0	-1.0
30	96	0.0	0.0	-1.0
30	97	0.0	0.0	-1.0
30	98	0.0	0.0	-1.0
30	99	0.0	0.0	-1.0
30	100	0.0	0.0	-1.0
30	101	0.0	0.0	-1.0
30	102	0.0	0.0	-1.0
30	103	0.0	0.0	-1.0
30	104	0.0	0.0	-1.0
30	105	0.0	0.0	-1.0
30	106	0.0	0.0	-1.0
30	107	0.0	0.0	-1.0
31	81	0.0	0.0	-1.0
31	82	0.0	0.0	-1.0
31	83	0.0	0.0	-1.0
31	84	0.0	0.0	-1.0
31	85	0.0	0.0	-1.0
31	86	0.0	0.0	-1.0
31	87	0.0	0.0	-1.0
31	88	0.0	0.0	-1.0
31	89	0.0	0.0	-1.0
31	90	0.0	0.0	-1.0
31	91	0.0	0.0	-1.0
31	92	0.0	0.0	-1.0
31	93	0.0	0.0	-1.0
31	94	0.0	0.0	-1.0
31	95	0.0	0.0	-1.0
31	96	0.0	0.0	-1.0
31	97	0.0	0.0	-1.0
31	98	0.0	0.0	-1.0
31	99	0.0	0.0	-1.0
31	100	0.0	0.0	-1.0
31	101	0.0	0.0	-1.0
31	102	0.0	0.0	-1.0
31	103	0.0	0.0	-1.0
31	104	0.0	0.0	-1.0
31	105	0.0	0.0	-1.0
32	81	0.0	0.0	-1.0
32	82	0.0	0.0	-1.0
32	83	0.0	0.0	-1.0
32	84	0.0	0.0	-1.0
32	85	0.0	0.0	-1.0
32	86	0.0	0.0	-1.0
32	87	0.0	0.0	-1.0
32	88	0.0	0.0	-1.0
32	89	0.0	0.0	-1.0
32	90	0.0	0.0	-1.0
32	91	0.0	0.0	-1.0
32	92	0.0	0.0	-1.0
32	93	0.0	0.0	-1.0
32	94	0.0	0.0	-1.0
32	95	0.0	0.0	-1.0
32	96	0.0	0.0	-1.0
32	97	0.0	0.0	-1.0
32	98	0.0	0.0	-1.0
32	99	0.0	0.0	-1.0
32	100	0.0	0.0	-1.0
32	101	0.0	0.0	-1.0
32	102	0.0	0.0	-1.0
32	103	0.0	0.0	-1.0
32	104	0.0	0.0	-1.0
33	82	0.0	0.0	-1.0
33	83	0.0	0.0	-1.0
33	84	0.0	0.0	-1.0
33	85	0.0	0.0	-1.0
33	86	0.0	0.0	-1.0
33	87	0.0	0.0	-1.0
33	88	0.0	0.0	-1.0
33	89	0.0	0.0	-1.0
33	90	0.0	0.0	-1.0
33	91	0.0	0.0	-1.0
33	92	0.0	0.0	-1.0
33	93	0.0	0.0	-1.0
33	94	0.0	0.0	-1.0
33	95	0.0	0.0	-1.0
33	96	0.0	0.0	-1.0
33	97	0.0	0.0	-1.0
33	98	0.0	0.0	-1.0
33	99	0.0	0.0	-1.0
33	100	0.0	0.0	-1.0
33	101	0.0	0.0	-1.0
33	102	0.0	0.0	-1.0
34	83	0.0	0.0	-1.0
34	84	0.0	0.0	-1.0
34	85	0.0	0.0	-1.0
34	86	0.0	0.0	-1.0
34	87	0.0	0.0	-1.0
34	88	0.0	0.0	-1.0
34	89	0.0	0.0	-1.0
34	90	0.0	0.0	-1.0
34	91	0.0	0.0	-1.0
34	92	0.0	0.0	-1.0
34	93	0.0	0.0	-1.0
34	94	0.0	0.0	-1.0
34	95	0.0	0.0	-1.0
34	96	0.0	0.0	-1.0
34	97	0.0	0.0	-1.0
34	98	0.0	0.0	-1.0
34	99	0.0	0.0	-1.0
34	100	0.0	0.0	-1.0
35	83	0.0	0.0	-1.0
35	84	0.0	0.0	-1.0
35	85	0.0	0.0	-1.0
35	86	0.0	0.0	-1.0
35	87	0.0	0.0	-1.0
35	88	0.0	0.0	-1.0
35	89	0.0	0.0	-1.0
35	90	0.0	0.0	-1.0
35	91	0.0	0.0	-1.0
35	92	0.0	0.0	-1.0
35	93	0.0	0.0	-1.0
35	94	0.0	0.0	-1.0
35	95	0.0	0.0	-1.0
35	96	0.0	0.0	-1.0
35	97	0.0	0.0	-1.0
35	98	0.0	0.0	-1.0
36	84	0.0	0.0	-1.0
36	85	0.0	0.0	-1.0
36	86	0.0	0.0	-1.0
36	87	0.0	0.0	-1.0
36	88	0.0	0.0	-1.0
36	89	0.0	0.0	-1.0
36	90	0.0	0.0	-1.0
36	91	0.0	0.0	-1.0
36	92	0.0	0.0	-1.0
36	93	0.0	0.0	-1.0
36	94	0.0	0.0	-1.0
36	95	0.0	0.0	-1.0
36	96	0.0	0.0	-1.0
36	97	0.0	0.0	-1.0
37	84	0.0	0.0	-1.0
37	85	0.0	0.0	-1.0
37	86	0.0	0.0	-1.0
37	87	0.0	0.0	-1.0
37	88	0.0	0.0	-1.0
37	89	0.0	0.0	-1.0
37	90	0.0	0.0	-1.0
37	91	0.0	0.0	-1.0
37	92	0.0	0.0	-1.0
37	93	0.0	0.0	-1.0
37	94	0.0	0.0	-1.0
37	95	0.0	0.0	-1.0
38	85	0.0	0.0	-1.0
38	86	0.0	0.0	-1.0
38	87	0.0	0.0	-1.0
38	88	0.0	0.0	-1.0
38	89	0.0	0.0	-1.0
38	90	0.0	0.0	-1.0
38	91	0.0	0.0	-1.0
38	92	0.0	0.0	-1.0
38	93	0.0	0.0	-1.0
39	86	0.0	0.0	-1.0
39	87	0.0	0.0	-1.0
39	88	0.0	0.0	-1.0
39	89	0.0	0.0	-1.0
39	90	0.0	0.0	-1.0
39	91	0.0	0.0	-1.0
40	86	0.0	0.0	-1.0
40	87	0.0	0.0	-1.0
40	88	0.0	0.0	-1.0
40	89	0.0	0.0	-1.0
40	90	0.0	0.0	-1.0
74	69	0.0	0.0	-1.0
74	70	0.0	0.0	-1.0
74	71	0.0	0.0	-1.0
74	72	0.0	0.0	-1.0
74	73	0.0	0.0	-1.0
74	74	0.0	0.0	-1.0
74	75	0.0	0.0	-1.0
74	76	0.0	0.0	-1.0
74	77	0.0	0.0	-1.0
74	78	0.0	0.0	-1.0
74	79	0.0	0.0	-1.0
74	80	0.0	0.0	-1.0
74	81	0.0	0.0	-1.0
74	82	0.0	0.0	-1.0
74	83	0.0	0.0	-1.0
74	84	0.0	0.0	-1.0
74	85	0.0	0.0	-1.0
74	86	0.0	0.0	-1.0
74	87	0.0	0.0	-1.0
74	88	0.0	0.0	-1.0
74	89	0.0	0.0	-1.0
74	90	0.0	0.0	-1.0
74	91	0.0	0.0	-1.0
74	92	0.0	0.0	-1.0
74	93	0.0	0.0	-1.0
74	94	0.0	0.0	-1.0
74	95	0.0	0.0	-1.0
74	96	0.0	0.0	-1.0
74	97	0.0	0.0	-1.0
74	98	0.0	0.0	-1.0
75	71	0.0	0.0	-1.0
75	72	0.0	0.0	-1.0
75	73	0.0	0.0	-1.0
75	74	0.0	0.0	-1.0
75	75	0.0	0.0	-1.0
75	76	0.0	0.0	-1.0
75	77	0.0	0.0	-1.0
75	78	0.0	0.0	-1.0
75	79	0.0	0.0	-1.0
75	80	0.0	0.0	-1.0
75	81	0.0	0.0	-1.0
75	82	0.0	0.0	-1.0
75	83	0.0	0.0	-1.0
75	84	0.0	0.0	-1.0
75	85	0.0	0.0	-1.0
75	86	0.0	0.0	-1.0
75	87	0.0	0.0	-1.0
75	88	0.0	0.0	-1.0
75	89	0.0	0.0	-1.0
75	90	0.0	0.0	-1.0
75	91	0.0	0.0	-1.0
75	92	0.0	0.0	-1.0
75	93	0.0	0.0	-1.0
75	94	0.0	0.0	-1.0
75	95	0.0	0.0	-1.0
75	96	0.0	0.0	-1.0
75	97	0.0	0.0	-1.0
75	98	0.0	0.0	-1.0
75	99	0.0	0.0	-1.0
76	73	0.0	0.0	-1.0
76	74	0.0	0.0	-1.0
76	75	0.0	0.0	-1.0
76	76	0.0	0.0	-1.0
76	77	0.0	0.0	-1.0
76	78	0.0	0.0	-1.0
76	79	0.0	0.0	-1.0
76	80	0.0	0.0	-1.0
76	81	0.0	0.0	-1.0
76	82	0.0	0.0	-1.0
76	83	0.0	0.0	-1.0
76	84	0.0	0.0	-1.0
76	85	0.0	0.0	-1.0
76	86	0.0	0.0	-1.0
76	87	0.0	0.0	-1.0
76	88	0.0	0.0	-1.0
76	89	0.0	0.0	-1.0
76	90	0.0	0.0	-1.0
76	91	0.0	0.0	-1.0
76	92	0.0	0.0	-1.0
76	93	0.0	0.0	-1.0
76	94	0.0	0.0	-1.0
76	95	0.0	0.0	-1.0
76	96	0.0	0.0	-1.0
76	97	0.0	0.0	-1.0
76	98	0.0	0.0	-1.0
76	99	0.0	0.0	-1.0
76	100	0.0	0.0	-1.0
77	74	0.0	0.0	-1.0
77	75	0.0	0.0	-1.0
77	76	0.0	0.0	-1.0
77	77	0.0	0.0	-1.0
77	78	0.0	0.0	-1.0
77	79	0.0	0.0	-1.0
77	80	0.0	0.0	-1.0
77	81	0.0	0.0	-1.0
77	82	0.0	0.0	-1.0
77	83	0.0	0.0	-1.0
77	84	0.0	0.0	-1.0
77	85	0.0	0.0	-1.0
77	86	0.0	0.0	-1.0
77	87	0.0	0.0	-1.0
77	88	0.0	0.0	-1.0
77	89	0.0	0.0	-1.0
77	90	0.0	0.0	-1.0
77	91	0.0	0.0	-1.0
77	92	0.0	0.0	-1.0
77	93	0.0	0.0	-1.0
77	94	0.0	0.0	-1.0
77	95	0.0	0.0	-1.0
77	96	0.0	0.0	-1.0
77	97	0.0	0.0	-1.0
77	98	0.0	0.0	-1.0
77	99	0.0	0.0	-1.0
77	100	0.0	0.0	-1.0
78	76	0.0	0.0	-1.0
78	77	0.0	0.0	-1.0
78	78	0.0	0.0	-1.0
78	79	0.0	0.0	-1.0
78	80	0.0	0.0	-1.0
78	81	0.0	0.0	-1.0
78	82	0.0	0.0	-1.0
78	83	0.0	0.0	-1.0
78	84	0.0	0.0	-1.0
78	85	0.0	0.0	-1.0
78	86	0.0	0.0	-1.0
78	87	0.0	0.0	-1.0
78	88	0.0	0.0	-1.0
78	89	0.0	0.0	-1.0
78	90	0.0	0.0	-1.0
78	91	0.0	0.0	-1.0
78	92	0.0	0.0	-1.0
78	93	0.0	0.0	-1.0
78	94	0.0	0.0	-1.0
78	95	0.0	0.0	-1.0
78	96	0.0	0.0	-1.0
78	97	0.0	0.0	-1.0
78	98	0.0	0.0	-1.0
78	99	0.0	0.0	-1.0
78	100	0.0	0.0	-1.0
78	101	0.0	0.0	-1.0
79	78	0.0	0.0	-1.0
79	79	0.0	0.0	-1.0
79	80	0.0	0.0	-1.0
79	81	0.0	0.0	-1.0
79	82	0.0	0.0	-1.0
79	83	0.0	0.0	-1.0
79	84	0.0	0.0	-1.0
79	85	0.0	0.0	-1.0
79	86	0.0	0.0	-1.0
79	87	0.0	0.0	-1.0
79	88	0.0	0.0	-1.0
79	89	0.0	0.0	-1.0
79	90	0.0	0.0	-1.0
79	91	0.0	0.0	-1.0
79	92	0.0	0.0	-1.0
79	93	0.0	0.0	-1.0
79	94	0.0	0.0	-1.0
79	95	0.0	0.0	-1.0
79	96	0.0	0.0	-1.0
79	97	0.0	0.0	-1.0
79	98	0.0	0.0	-1.0
79	99	0.0	0.0	-1.0
79	100	0.0	0.0	-1.0
79	101	0.0	0.0	-1.0
79	102	0.0	0.0	-1.0
80	80	0.0	0.0	-1.0
80	81	0.0	0.0	-1.0
80	82	0.0	0.0	-1.0
80	83	0.0	0.0	-1.0
80	84	0.0	0.0	-1.0
80	85	0.0	0.0	-1.0
80	86	0.0	0.0	-1.0
80	87	0.0	0.0	-1.0
80	88	0.0	0.0	-1.0
80	89	0.0	0.0	-1.0
80	90	0.0	0.0	-1.0
80	91	0.0	0.0	-1.0
80	92	0.0	0.0	-1.0
80	93	0.0	0.0	-1.0
80	94	0.0	0.0	-1.0
80	95	0.0	0.0	-1.0
80	96	0.0	0.0	-1.0
80	97	0.0	0.0	-1.0
80	98	0.0	0.0	-1.0
80	99	0.0	0.0	-1.0
80	100	0.0	0.0	-1.0
80	101	0.0	0.0	-1.0
80	102	0.0	0.0	-1.0
80	103	0.0	0.0	-1.0
81	81	0.0	0.0	-1.0
81	82	0.0	0.0	-1.0
81	83	0.0	0.0	-1.0
81	84	0.0	0.0	-1.0
81	85	0.0	0.0	-1.0
81	86	0.0	0.0	-1.0
81	87	0.0	0.0	-1.0
81	88	0.0	0.0	-1.0
81	89	0.0	0.0	-1.0
81	90	0.0	0.0	-1.0
81	91	0.0	0.0	-1.0
81	92	0.0	0.0	-1.0
81	93	0.0	0.0	-1.0
81	94	0.0	0.0	-1.0
81	95	0.0	0.0	-1.0
81	96	0.0	0.0	-1.0
81	97	0.0	0.0	-1.0
81	98	0.0	0.0	-1.0
81	99	0.0	0.0	-1.0
81	100	0.0	0.0	-1.0
81	101	0.0	0.0	-1.0
81	102	0.0	0.0	-1.0
81	103	0.0	0.0	-1.0
82	83	0.0	0.0	-1.0
82	84	0.0	0.0	-1.0
82	85	0.0	0.0	-1.0
82	86	0.0	0.0	-1.0
82	87	0.0	0.0	-1.0
82	88	0.0	0.0	-1.0
82	89	0.0	0.0	-1.0
82	90	0.0	0.0	-1.0
82	91	0.0	0.0	-1.0
82	92	0.0	0.0	-1.0
82	93	0.0	0.0	-1.0
82	94	0.0	0.0	-1.0
82	95	0.0	0.0	-1.0
82	96	0.0	0.0	-1.0
82	97	0.0	0.0	-1.0
82	98	0.0	0.0	-1.0
82	99	0.0	0.0	-1.0
82	100	0.0	0.0	-1.0
82	101	0.0	0.0	-1.0
82	102	0.0	0.0	-1.0
82	103	0.0	0.0	-1.0
82	104	0.0	0.0	-1.0
83	85	0.0	0.0	-1.0
83	86	0.0	0.0	-1.0
83	87	0.0	0.0	-1.0
83	88	0.0	0.0	-1.0
83	89	0.0	0.0	-1.0
83	90	0.0	0.0	-1.0
83	91	0.0	0.0	-1.0
83	92	0.0	0.0	-1.0
83	93	0.0	0.0	-1.0
83	94	0.0	0.0	-1.0
83	95	0.0	0.0	-1.0
83	96	0.0	0.0	-1.0
83	97	0.0	0.0	-1.0
83	98	0.0	0.0	-1.0
83	99	0.0	0.0	-1.0
83	100	0.0	0.0	-1.0
83	101	0.0	0.0	-1.0
83	102	0.0	0.0	-1.0
83	103	0.0	0.0	-1.0
83	104	0.0	0.0	-1.0
83	105	0.0	0.0	-1.0
84	86	0.0	0.0	-1.0
84	87	0.0	0.0	-1.0
84	88	0.0	0.0	-1.0
84	89	0.0	0.0	-1.0
84	90	0.0	0.0	-1.0
84	91	0.0	0.0	-1.0
84	92	0.0	0.0	-1.0
84	93	0.0	0.0	-1.0
84	94	0.0	0.0	-1.0
84	95	0.0	0.0	-1.0
84	96	0.0	0.0	-1.0
84	97	0.0	0.0	-1.0
84	98	0.0	0.0	-1.0
84	99	0.0	0.0	-1.0
84	100	0.0	0.0	-1.0
84	101	0.0	0.0	-1.0
84	102	0.0	0.0	-1.0
84	103	0.0	0.0	-1.0
84	104	0.0	0.0	-1.0
84	105	0.0	0.0	-1.0
85	88	0.0	0.0	-1.0
85	89	0.0	0.0	-1.0
85	90	0.0	0.0	-1.0
85	91	0.0	0.0	-1.0
85	92	0.0	0.0	-1.0
85	93	0.0	0.0	-1.0
85	94	0.0	0.0	-1.0
85	95	0.0	0.0	-1.0
85	96	0.0	0.0	-1.0
85	97	0.0	0.0	-1.0
85	98	0.0	0.0	-1.0
85	99	0.0	0.0	-1.0
85	100	0.0	0.0	-1.0
85	101	0.0	0.0	-1.0
85	102	0.0	0.0	-1.0
85	103	0.0	0.0	-1.0
85	104	0.0	0.0	-1.0
85	105	0.0	0.0	-1.0
85	106	0.0	0.0	-1.0
86	90	0.0	0.0	-1.0
86	91	0.0	0.0	-1.0
86	92	0.0	0.0	-1.0
86	93	0.0	0.0	-1.0
86	94	0.0	0.0	-1.0
86	95	0.0	0.0	-1.0
86	96	0.0	0.0	-1.0
86	97	0.0	0.0	-1.0
86	98	0.0	0.0	-1.0
86	99	0.0	0.0	-1.0
86	100	0.0	0.0	-1.0
86	101	0.0	0.0	-1.0
86	102	0.0	0.0	-1.0
86	103	0.0	0.0	-1.0
86	104	0.0	0.0	-1.0
86	105	0.0	0.0	-1.0
86	106	0.0	0.0	-1.0
86	107	0.0	0.0	-1.0
87	92	0.0	0.0	-1.0
87	93	0.0	0.0	-1.0
87	94	0.0	0.0	-1.0
87	95	0.0	0.0	-1.0
87	96	0.0	0.0	-1.0
87	97	0.0	0.0	-1.0
87	98	0.0	0.0	-1.0
87	99	0.0	0.0	-1.0
87	100	0.0	0.0	-1.0
87	101	0.0	0.0	-1.0
87	102	0.0	0.0	-1.0
87	103	0.0	0.0	-1.0
87	104	0.0	0.0	-1.0
87	105	0.0	0.0	-1.0
87	106	0.0	0.0	-1.0
87	107	0.0	0.0	-1.0
87	108	0.0	0.0	-1.0
88	93	0.0	0.0	-1.0
88	94	0.0	0.0	-1.0
88	95	0.0	0.0	-1.0
88	96	0.0	0.0	-1.0
88	97	0.0	0.0	-1.0
88	98	0.0	0.0	-1.0
88	99	0.0	0.0	-1.0
88	100	0.0	0.0	-1.0
88	101	0.0	0.0	-1.0
88	102	0.0	0.0	-1.0
88	103	0.0	0.0	-1.0
88	104	0.0	0.0	-1.0
88	105	0.0	0.0	-1.0
88	106	0.0	0.0	-1.0
88	107	0.0	0.0	-1.0
88	108	0.0	0.0	-1.0
89	95	0.0	0.0	-1.0
89	96	0.0	0.0	-1.0
89	97	0.0	0.0	-1.0
89	98	0.0	0.0	-1.0
89	99	0.0	0.0	-1.0
89	100	0.0	0.0	-1.0
89	101	0.0	0.0	-1.0
89	102	0.0	0.0	-1.0
89	103	0.0	0.0	-1.0
89	104	0.0	0.0	-1.0
89	105	0.0	0.0	-1.0
89	106	0.0	0.0	-1.0
89	107	0.0	0.0	-1.0
89	108	0.0	0.0	-1.0
89	109	0.0	0.0	-1.0
90	97	0.0	0.0	-1.0
90	98	0.0	0.0	-1.0
90	99	0.0	0.0	-1.0
90	100	0.0	0.0	-1.0
90	101	0.0	0.0	-1.0
90	102	0.0	0.0	-1.0
90	103	0.0	0.0	-1.0
90	104	0.0	0.0	-1.0
90	105	0.0	0.0	-1.0
90	106	0.0	0.0	-1.0
90	107	0.0	0.0	-1.0
90	108	0.0	0.0	-1.0
90	109	0.0	0.0	-1.0
90	110	0.0	0.0	-1.0
91	99	0.0	0.0	-1.0
91	100	0.0	0.0	-1.0
91	101	0.0	0.0	-1.0
91	102	0.0	0.0	-1.0
91	103	0.0	0.0	-1.0
91	104	0.0	0.0	-1.0
91	105	0.0	0.0	-1.0
91	106	0.0	0.0	-1.0
91	107	0.0	0.0	-1.0
91	108	0.0	0.0	-1.0
91	109	0.0	0.0	-1.0
91	110	0.0	0.0	-1.0
91	111	0.0	0.0	-1.0
92	100	0.0	0.0	-1.0
92	101	0.0	0.0	-1.0
92	102	0.0	0.0	-1.0
92	103	0.0	0.0	-1.0
92	104	0.0	0.0	-1.0
92	105	0.0	0.0	-1.0
92	106	0.0	0.0	-1.0
92	107	0.0	0.0	-1.0
92	108	0.0	0.0	-1.0
92	109	0.0	0.0	-1.0
92	110	0.0	0.0	-1.0
92	111	0.0	0.0	-1.0
93	102	0.0	0.0	-1.0
93	103	0.0	0.0	-1.0
93	104	0.0	0.0	-1.0
93	105	0.0	0.0	-1.0
93	106	0.0	0.0	-1.0
93	107	0.0	0.0	-1.0
93	108	0.0	0.0	-1.0
93	109	0.0	0.0	-1.0
93	110	0.0	0.0	-1.0
93	111	0.0	0.0	-1.0
93	112	0.0	0.0	-1.0
94	104	0.0	0.0	-1.0
94	105	0.0	0.0	-1.0
94	106	0.0	0.0	-1.0
94	107	0.0	0.0	-1.0
94	108	0.0	0.0	-1.0
94	109	0.0	0.0	-1.0
94	110	0.0	0.0	-1.0
94	111	0.0	0.0	-1.0
94	112	0.0	0.0	-1.0
94	113	0.0	0.0	-1.0
95	106	0.0	0.0	-1.0
95	107	0.0	0.0	-1.0
95	108	0.0	0.0	-1.0
95	109	0.0	0.0	-1.0
95	110	0.0	0.0	-1.0
95	111	0.0	0.0	-1.0
95	112	0.0	0.0	-1.0
95	113	0.0	0.0	-1.0
95	114	0.0	0.0	-1.0
96	107	0.0	0.0	-1.0
96	108	0.0	0.0	-1.0
96	109	0.0	0.0	-1.0
96	110	0.0	0.0	-1.0
96	111	0.0	0.0	-1.0
96	112	0.0	0.0	-1.0
96	113	0.0	0.0	-1.0
96	114	0.0	0.0	-1.0
97	109	0.0	0.0	-1.0
97	110	0.0	0.0	-1.0
97	111	0.0	0.0	-1.0
97	112	0.0	0.0	-1.0
97	113	0.0	0.0	-1.0
97	114	0.0	0.0	-1.0
97	115	0.0	0.0	-1.0
98	111	0.0	0.0	-1.0
98	112	0.0	0.0	-1.0
98	113	0.0	0.0	-1.0
98	114	0.0	0.0	-1.0
98	115	0.0	0.0	-1.0
98	116	0.0	0.0	-1.0
99	112	0.0	0.0	-1.0
99	113	0.0	0.0	-1.0
99	114	0.0	0.0	-1.0
99	115	0.0	0.0	-1.0
99	116	0.0	0.0	-1.0
100	114	0.0	0.0	-1.0
100	115	0.0	0.0	-1.0
100	116	0.0	0.0	-1.0
100	117	0.0	0.0	-1.0
101	116	0.0	0.0	-1.0
101	117	0.0	0.0	-1.0
101	118	0.0	0.0	-1.0
102	118	0.0	0.0	-1.0
102	119	0.0	0.0	-1.0
