Format: row col exchange_mult dm_mult dm_type(see input) field_mult
Data:
0 36 1.0 1.5 0 1.0
0 37 1.0 1.5 0 1.0
0 38 1.0 1.5 0 1.0
0 39 1.0 1.5 0 1.0
0 40 1.0 1.5 0 1.0
0 41 1.0 1.5 0 1.0
0 42 1.0 1.5 0 1.0
0 43 1.0 1.5 0 1.0
0 44 1.0 1.5 0 1.0
0 45 1.0 1.5 0 1.0
0 46 1.0 1.5 0 1.0
0 47 1.0 1.5 0 1.0
0 48 1.0 1.5 0 1.0
0 49 1.0 1.5 0 1.0
0 50 1.0 1.5 0 1.0
0 51 1.0 1.5 0 1.0
0 52 1.0 1.5 0 1.0
0 53 1.0 1.5 0 1.0
0 54 1.0 1.5 0 1.0
0 55 1.0 1.5 0 1.0
0 56 1.0 1.5 0 1.0
0 57 1.0 1.5 0 1.0
0 58 1.0 1.5 0 1.0
0 59 1.0 1.5 0 1.0
0 60 1.0 1.5 0 1.0
0 61 1.0 1.5 0 1.0
0 62 1.0 1.5 0 1.0
0 63 1.0 1.5 0 1.0
0 64 1.0 1.5 0 1.0
0 65 1.0 1.5 0 1.0
0 66 1.0 1.5 0 1.0
0 67 1.0 1.5 0 1.0
0 68 1.0 1.5 0 1.0
0 69 1.0 1.5 0 1.0
0 70 1.0 1.5 0 1.0
0 71 1.0 1.5 0 1.0
1 36 1.0 1.5 0 1.0
1 37 1.0 1.5 0 1.0
1 38 1.0 1.5 0 1.0
1 39 1.0 1.5 0 1.0
1 40 1.0 1.5 0 1.0
1 41 1.0 1.5 0 1.0
1 42 1.0 1.5 0 1.0
1 43 1.0 1.5 0 1.0
1 44 1.0 1.5 0 1.0
1 45 1.0 1.5 0 1.0
1 46 1.0 1.5 0 1.0
1 47 1.0 1.5 0 1.0
1 48 1.0 1.5 0 1.0
1 49 1.0 1.5 0 1.0
1 50 1.0 1.5 0 1.0
1 51 1.0 1.5 0 1.0
1 52 1.0 1.5 0 1.0
1 53 1.0 1.5 0 1.0
1 54 1.0 1.5 0 1.0
1 55 1.0 1.5 0 1.0
1 56 1.0 1.5 0 1.0
1 57 1.0 1.5 0 1.0
1 58 1.0 1.5 0 1.0
1 59 1.0 1.5 0 1.0
1 60 1.0 1.5 0 1.0
1 61 1.0 1.5 0 1.0
1 62 1.0 1.5 0 1.0
1 63 1.0 1.5 0 1.0
1 64 1.0 1.5 0 1.0
1 65 1.0 1.5 0 1.0
1 66 1.0 1.5 0 1.0
1 67 1.0 1.5 0 1.0
1 68 1.0 1.5 0 1.0
1 69 1.0 1.5 0 1.0
1 70 1.0 1.5 0 1.0
1 71 1.0 1.5 0 1.0
2 36 1.0 1.5 0 1.0
2 37 1.0 1.5 0 1.0
2 38 1.0 1.5 0 1.0
2 39 1.0 1.5 0 1.0
2 40 1.0 1.5 0 1.0
2 41 1.0 1.5 0 1.0
2 42 1.0 1.5 0 1.0
2 43 1.0 1.5 0 1.0
2 44 1.0 1.5 0 1.0
2 45 1.0 1.5 0 1.0
2 46 1.0 1.5 0 1.0
2 47 1.0 1.5 0 1.0
2 48 1.0 1.5 0 1.0
2 49 1.0 1.5 0 1.0
2 50 1.0 1.5 0 1.0
2 51 1.0 1.5 0 1.0
2 52 1.0 1.5 0 1.0
2 53 1.0 1.5 0 1.0
2 54 1.0 1.5 0 1.0
2 55 1.0 1.5 0 1.0
2 56 1.0 1.5 0 1.0
2 57 1.0 1.5 0 1.0
2 58 1.0 1.5 0 1.0
2 59 1.0 1.5 0 1.0
2 60 1.0 1.5 0 1.0
2 61 1.0 1.5 0 1.0
2 62 1.0 1.5 0 1.0
2 63 1.0 1.5 0 1.0
2 64 1.0 1.5 0 1.0
2 65 1.0 1.5 0 1.0
2 66 1.0 1.5 0 1.0
2 67 1.0 1.5 0 1.0
2 68 1.0 1.5 0 1.0
2 69 1.0 1.5 0 1.0
2 70 1.0 1.5 0 1.0
2 71 1.0 1.5 0 1.0
3 36 1.0 1.5 0 1.0
3 37 1.0 1.5 0 1.0
3 38 1.0 1.5 0 1.0
3 39 1.0 1.5 0 1.0
3 40 1.0 1.5 0 1.0
3 41 1.0 1.5 0 1.0
3 42 1.0 1.5 0 1.0
3 43 1.0 1.5 0 1.0
3 44 1.0 1.5 0 1.0
3 45 1.0 1.5 0 1.0
3 46 1.0 1.5 0 1.0
3 47 1.0 1.5 0 1.0
3 48 1.0 1.5 0 1.0
3 49 1.0 1.5 0 1.0
3 50 1.0 1.5 0 1.0
3 51 1.0 1.5 0 1.0
3 52 1.0 1.5 0 1.0
3 53 1.0 1.5 0 1.0
3 54 1.0 1.5 0 1.0
3 55 1.0 1.5 0 1.0
3 56 1.0 1.5 0 1.0
3 57 1.0 1.5 0 1.0
3 58 1.0 1.5 0 1.0
3 59 1.0 1.5 0 1.0
3 60 1.0 1.5 0 1.0
3 61 1.0 1.5 0 1.0
3 62 1.0 1.5 0 1.0
3 63 1.0 1.5 0 1.0
3 64 1.0 1.5 0 1.0
3 65 1.0 1.5 0 1.0
3 66 1.0 1.5 0 1.0
3 67 1.0 1.5 0 1.0
3 68 1.0 1.5 0 1.0
3 69 1.0 1.5 0 1.0
3 70 1.0 1.5 0 1.0
3 71 1.0 1.5 0 1.0
4 36 1.0 1.5 0 1.0
4 37 1.0 1.5 0 1.0
4 38 1.0 1.5 0 1.0
4 39 1.0 1.5 0 1.0
4 40 1.0 1.5 0 1.0
4 41 1.0 1.5 0 1.0
4 42 1.0 1.5 0 1.0
4 43 1.0 1.5 0 1.0
4 44 1.0 1.5 0 1.0
4 45 1.0 1.5 0 1.0
4 46 1.0 1.5 0 1.0
4 47 1.0 1.5 0 1.0
4 48 1.0 1.5 0 1.0
4 49 1.0 1.5 0 1.0
4 50 1.0 1.5 0 1.0
4 51 1.0 1.5 0 1.0
4 52 1.0 1.5 0 1.0
4 53 1.0 1.5 0 1.0
4 54 1.0 1.5 0 1.0
4 55 1.0 1.5 0 1.0
4 56 1.0 1.5 0 1.0
4 57 1.0 1.5 0 1.0
4 58 1.0 1.5 0 1.0
4 59 1.0 1.5 0 1.0
4 60 1.0 1.5 0 1.0
4 61 1.0 1.5 0 1.0
4 62 1.0 1.5 0 1.0
4 63 1.0 1.5 0 1.0
4 64 1.0 1.5 0 1.0
4 65 1.0 1.5 0 1.0
4 66 1.0 1.5 0 1.0
4 67 1.0 1.5 0 1.0
4 68 1.0 1.5 0 1.0
4 69 1.0 1.5 0 1.0
4 70 1.0 1.5 0 1.0
4 71 1.0 1.5 0 1.0
5 36 1.0 1.5 0 1.0
5 37 1.0 1.5 0 1.0
5 38 1.0 1.5 0 1.0
5 39 1.0 1.5 0 1.0
5 40 1.0 1.5 0 1.0
5 41 1.0 1.5 0 1.0
5 42 1.0 1.5 0 1.0
5 43 1.0 1.5 0 1.0
5 44 1.0 1.5 0 1.0
5 45 1.0 1.5 0 1.0
5 46 1.0 1.5 0 1.0
5 47 1.0 1.5 0 1.0
5 48 1.0 1.5 0 1.0
5 49 1.0 1.5 0 1.0
5 50 1.0 1.5 0 1.0
5 51 1.0 1.5 0 1.0
5 52 1.0 1.5 0 1.0
5 53 1.0 1.5 0 1.0
5 54 1.0 1.5 0 1.0
5 55 1.0 1.5 0 1.0
5 56 1.0 1.5 0 1.0
5 57 1.0 1.5 0 1.0
5 58 1.0 1.5 0 1.0
5 59 1.0 1.5 0 1.0
5 60 1.0 1.5 0 1.0
5 61 1.0 1.5 0 1.0
5 62 1.0 1.5 0 1.0
5 63 1.0 1.5 0 1.0
5 64 1.0 1.5 0 1.0
5 65 1.0 1.5 0 1.0
5 66 1.0 1.5 0 1.0
5 67 1.0 1.5 0 1.0
5 68 1.0 1.5 0 1.0
5 69 1.0 1.5 0 1.0
5 70 1.0 1.5 0 1.0
5 71 1.0 1.5 0 1.0
6 36 1.0 1.5 0 1.0
6 37 1.0 1.5 0 1.0
6 38 1.0 1.5 0 1.0
6 39 1.0 1.5 0 1.0
6 40 1.0 1.5 0 1.0
6 41 1.0 1.5 0 1.0
6 42 1.0 1.5 0 1.0
6 43 1.0 1.5 0 1.0
6 44 1.0 1.5 0 1.0
6 45 1.0 1.5 0 1.0
6 46 1.0 1.5 0 1.0
6 47 1.0 1.5 0 1.0
6 48 1.0 1.5 0 1.0
6 49 1.0 1.5 0 1.0
6 50 1.0 1.5 0 1.0
6 51 1.0 1.5 0 1.0
6 52 1.0 1.5 0 1.0
6 53 1.0 1.5 0 1.0
6 54 1.0 1.5 0 1.0
6 55 1.0 1.5 0 1.0
6 56 1.0 1.5 0 1.0
6 57 1.0 1.5 0 1.0
6 58 1.0 1.5 0 1.0
6 59 1.0 1.5 0 1.0
6 60 1.0 1.5 0 1.0
6 61 1.0 1.5 0 1.0
6 62 1.0 1.5 0 1.0
6 63 1.0 1.5 0 1.0
6 64 1.0 1.5 0 1.0
6 65 1.0 1.5 0 1.0
6 66 1.0 1.5 0 1.0
6 67 1.0 1.5 0 1.0
6 68 1.0 1.5 0 1.0
6 69 1.0 1.5 0 1.0
6 70 1.0 1.5 0 1.0
6 71 1.0 1.5 0 1.0
7 36 1.0 1.5 0 1.0
7 37 1.0 1.5 0 1.0
7 38 1.0 1.5 0 1.0
7 39 1.0 1.5 0 1.0
7 40 1.0 1.5 0 1.0
7 41 1.0 1.5 0 1.0
7 42 1.0 1.5 0 1.0
7 43 1.0 1.5 0 1.0
7 44 1.0 1.5 0 1.0
7 45 1.0 1.5 0 1.0
7 46 1.0 1.5 0 1.0
7 47 1.0 1.5 0 1.0
7 48 1.0 1.5 0 1.0
7 49 1.0 1.5 0 1.0
7 50 1.0 1.5 0 1.0
7 51 1.0 1.5 0 1.0
7 52 1.0 1.5 0 1.0
7 53 1.0 1.5 0 1.0
7 54 1.0 1.5 0 1.0
7 55 1.0 1.5 0 1.0
7 56 1.0 1.5 0 1.0
7 57 1.0 1.5 0 1.0
7 58 1.0 1.5 0 1.0
7 59 1.0 1.5 0 1.0
7 60 1.0 1.5 0 1.0
7 61 1.0 1.5 0 1.0
7 62 1.0 1.5 0 1.0
7 63 1.0 1.5 0 1.0
7 64 1.0 1.5 0 1.0
7 65 1.0 1.5 0 1.0
7 66 1.0 1.5 0 1.0
7 67 1.0 1.5 0 1.0
7 68 1.0 1.5 0 1.0
7 69 1.0 1.5 0 1.0
7 70 1.0 1.5 0 1.0
7 71 1.0 1.5 0 1.0
8 36 1.0 1.5 0 1.0
8 37 1.0 1.5 0 1.0
8 38 1.0 1.5 0 1.0
8 39 1.0 1.5 0 1.0
8 40 1.0 1.5 0 1.0
8 41 1.0 1.5 0 1.0
8 42 1.0 1.5 0 1.0
8 43 1.0 1.5 0 1.0
8 44 1.0 1.5 0 1.0
8 45 1.0 1.5 0 1.0
8 46 1.0 1.5 0 1.0
8 47 1.0 1.5 0 1.0
8 48 1.0 1.5 0 1.0
8 49 1.0 1.5 0 1.0
8 50 1.0 1.5 0 1.0
8 51 1.0 1.5 0 1.0
8 52 1.0 1.5 0 1.0
8 53 1.0 1.5 0 1.0
8 54 1.0 1.5 0 1.0
8 55 1.0 1.5 0 1.0
8 56 1.0 1.5 0 1.0
8 57 1.0 1.5 0 1.0
8 58 1.0 1.5 0 1.0
8 59 1.0 1.5 0 1.0
8 60 1.0 1.5 0 1.0
8 61 1.0 1.5 0 1.0
8 62 1.0 1.5 0 1.0
8 63 1.0 1.5 0 1.0
8 64 1.0 1.5 0 1.0
8 65 1.0 1.5 0 1.0
8 66 1.0 1.5 0 1.0
8 67 1.0 1.5 0 1.0
8 68 1.0 1.5 0 1.0
8 69 1.0 1.5 0 1.0
8 70 1.0 1.5 0 1.0
8 71 1.0 1.5 0 1.0
9 36 1.0 1.5 0 1.0
9 37 1.0 1.5 0 1.0
9 38 1.0 1.5 0 1.0
9 39 1.0 1.5 0 1.0
9 40 1.0 1.5 0 1.0
9 41 1.0 1.5 0 1.0
9 42 1.0 1.5 0 1.0
9 43 1.0 1.5 0 1.0
9 44 1.0 1.5 0 1.0
9 45 1.0 1.5 0 1.0
9 46 1.0 1.5 0 1.0
9 47 1.0 1.5 0 1.0
9 48 1.0 1.5 0 1.0
9 49 1.0 1.5 0 1.0
9 50 1.0 1.5 0 1.0
9 51 1.0 1.5 0 1.0
9 52 1.0 1.5 0 1.0
9 53 1.0 1.5 0 1.0
9 54 1.0 1.5 0 1.0
9 55 1.0 1.5 0 1.0
9 56 1.0 1.5 0 1.0
9 57 1.0 1.5 0 1.0
9 58 1.0 1.5 0 1.0
9 59 1.0 1.5 0 1.0
9 60 1.0 1.5 0 1.0
9 61 1.0 1.5 0 1.0
9 62 1.0 1.5 0 1.0
9 63 1.0 1.5 0 1.0
9 64 1.0 1.5 0 1.0
9 65 1.0 1.5 0 1.0
9 66 1.0 1.5 0 1.0
9 67 1.0 1.5 0 1.0
9 68 1.0 1.5 0 1.0
9 69 1.0 1.5 0 1.0
9 70 1.0 1.5 0 1.0
9 71 1.0 1.5 0 1.0
10 36 1.0 1.5 0 1.0
10 37 1.0 1.5 0 1.0
10 38 1.0 1.5 0 1.0
10 39 1.0 1.5 0 1.0
10 40 1.0 1.5 0 1.0
10 41 1.0 1.5 0 1.0
10 42 1.0 1.5 0 1.0
10 43 1.0 1.5 0 1.0
10 44 1.0 1.5 0 1.0
10 45 1.0 1.5 0 1.0
10 46 1.0 1.5 0 1.0
10 47 1.0 1.5 0 1.0
10 48 1.0 1.5 0 1.0
10 49 1.0 1.5 0 1.0
10 50 1.0 1.5 0 1.0
10 51 1.0 1.5 0 1.0
10 52 1.0 1.5 0 1.0
10 53 1.0 1.5 0 1.0
10 54 1.0 1.5 0 1.0
10 55 1.0 1.5 0 1.0
10 56 1.0 1.5 0 1.0
10 57 1.0 1.5 0 1.0
10 58 1.0 1.5 0 1.0
10 59 1.0 1.5 0 1.0
10 60 1.0 1.5 0 1.0
10 61 1.0 1.5 0 1.0
10 62 1.0 1.5 0 1.0
10 63 1.0 1.5 0 1.0
10 64 1.0 1.5 0 1.0
10 65 1.0 1.5 0 1.0
10 66 1.0 1.5 0 1.0
10 67 1.0 1.5 0 1.0
10 68 1.0 1.5 0 1.0
10 69 1.0 1.5 0 1.0
10 70 1.0 1.5 0 1.0
10 71 1.0 1.5 0 1.0
11 36 1.0 1.5 0 1.0
11 37 1.0 1.5 0 1.0
11 38 1.0 1.5 0 1.0
11 39 1.0 1.5 0 1.0
11 40 1.0 1.5 0 1.0
11 41 1.0 1.5 0 1.0
11 42 1.0 1.5 0 1.0
11 43 1.0 1.5 0 1.0
11 44 1.0 1.5 0 1.0
11 45 1.0 1.5 0 1.0
11 46 1.0 1.5 0 1.0
11 47 1.0 1.5 0 1.0
11 48 1.0 1.5 0 1.0
11 49 1.0 1.5 0 1.0
11 50 1.0 1.5 0 1.0
11 51 1.0 1.5 0 1.0
11 52 1.0 1.5 0 1.0
11 53 1.0 1.5 0 1.0
11 54 1.0 1.5 0 1.0
11 55 1.0 1.5 0 1.0
11 56 1.0 1.5 0 1.0
11 57 1.0 1.5 0 1.0
11 58 1.0 1.5 0 1.0
11 59 1.0 1.5 0 1.0
11 60 1.0 1.5 0 1.0
11 61 1.0 1.5 0 1.0
11 62 1.0 1.5 0 1.0
11 63 1.0 1.5 0 1.0
11 64 1.0 1.5 0 1.0
11 65 1.0 1.5 0 1.0
11 66 1.0 1.5 0 1.0
11 67 1.0 1.5 0 1.0
11 68 1.0 1.5 0 1.0
11 69 1.0 1.5 0 1.0
11 70 1.0 1.5 0 1.0
11 71 1.0 1.5 0 1.0
12 36 1.0 1.5 0 1.0
12 37 1.0 1.5 0 1.0
12 38 1.0 1.5 0 1.0
12 39 1.0 1.5 0 1.0
12 40 1.0 1.5 0 1.0
12 41 1.0 1.5 0 1.0
12 42 1.0 1.5 0 1.0
12 43 1.0 1.5 0 1.0
12 44 1.0 1.5 0 1.0
12 45 1.0 1.5 0 1.0
12 46 1.0 1.5 0 1.0
12 47 1.0 1.5 0 1.0
12 48 1.0 1.5 0 1.0
12 49 1.0 1.5 0 1.0
12 50 1.0 1.5 0 1.0
12 51 1.0 1.5 0 1.0
12 52 1.0 1.5 0 1.0
12 53 1.0 1.5 0 1.0
12 54 1.0 1.5 0 1.0
12 55 1.0 1.5 0 1.0
12 56 1.0 1.5 0 1.0
12 57 1.0 1.5 0 1.0
12 58 1.0 1.5 0 1.0
12 59 1.0 1.5 0 1.0
12 60 1.0 1.5 0 1.0
12 61 1.0 1.5 0 1.0
12 62 1.0 1.5 0 1.0
12 63 1.0 1.5 0 1.0
12 64 1.0 1.5 0 1.0
12 65 1.0 1.5 0 1.0
12 66 1.0 1.5 0 1.0
12 67 1.0 1.5 0 1.0
12 68 1.0 1.5 0 1.0
12 69 1.0 1.5 0 1.0
12 70 1.0 1.5 0 1.0
12 71 1.0 1.5 0 1.0
13 36 1.0 1.5 0 1.0
13 37 1.0 1.5 0 1.0
13 38 1.0 1.5 0 1.0
13 39 1.0 1.5 0 1.0
13 40 1.0 1.5 0 1.0
13 41 1.0 1.5 0 1.0
13 42 1.0 1.5 0 1.0
13 43 1.0 1.5 0 1.0
13 44 1.0 1.5 0 1.0
13 45 1.0 1.5 0 1.0
13 46 1.0 1.5 0 1.0
13 47 1.0 1.5 0 1.0
13 48 1.0 1.5 0 1.0
13 49 1.0 1.5 0 1.0
13 50 1.0 1.5 0 1.0
13 51 1.0 1.5 0 1.0
13 52 1.0 1.5 0 1.0
13 53 1.0 1.5 0 1.0
13 54 1.0 1.5 0 1.0
13 55 1.0 1.5 0 1.0
13 56 1.0 1.5 0 1.0
13 57 1.0 1.5 0 1.0
13 58 1.0 1.5 0 1.0
13 59 1.0 1.5 0 1.0
13 60 1.0 1.5 0 1.0
13 61 1.0 1.5 0 1.0
13 62 1.0 1.5 0 1.0
13 63 1.0 1.5 0 1.0
13 64 1.0 1.5 0 1.0
13 65 1.0 1.5 0 1.0
13 66 1.0 1.5 0 1.0
13 67 1.0 1.5 0 1.0
13 68 1.0 1.5 0 1.0
13 69 1.0 1.5 0 1.0
13 70 1.0 1.5 0 1.0
13 71 1.0 1.5 0 1.0
14 36 1.0 1.5 0 1.0
14 37 1.0 1.5 0 1.0
14 38 1.0 1.5 0 1.0
14 39 1.0 1.5 0 1.0
14 40 1.0 1.5 0 1.0
14 41 1.0 1.5 0 1.0
14 42 1.0 1.5 0 1.0
14 43 1.0 1.5 0 1.0
14 44 1.0 1.5 0 1.0
14 45 1.0 1.5 0 1.0
14 46 1.0 1.5 0 1.0
14 47 1.0 1.5 0 1.0
14 48 1.0 1.5 0 1.0
14 49 1.0 1.5 0 1.0
14 50 1.0 1.5 0 1.0
14 51 1.0 1.5 0 1.0
14 52 1.0 1.5 0 1.0
14 53 1.0 1.5 0 1.0
14 54 1.0 1.5 0 1.0
14 55 1.0 1.5 0 1.0
14 56 1.0 1.5 0 1.0
14 57 1.0 1.5 0 1.0
14 58 1.0 1.5 0 1.0
14 59 1.0 1.5 0 1.0
14 60 1.0 1.5 0 1.0
14 61 1.0 1.5 0 1.0
14 62 1.0 1.5 0 1.0
14 63 1.0 1.5 0 1.0
14 64 1.0 1.5 0 1.0
14 65 1.0 1.5 0 1.0
14 66 1.0 1.5 0 1.0
14 67 1.0 1.5 0 1.0
14 68 1.0 1.5 0 1.0
14 69 1.0 1.5 0 1.0
14 70 1.0 1.5 0 1.0
14 71 1.0 1.5 0 1.0
15 36 1.0 1.5 0 1.0
15 37 1.0 1.5 0 1.0
15 38 1.0 1.5 0 1.0
15 39 1.0 1.5 0 1.0
15 40 1.0 1.5 0 1.0
15 41 1.0 1.5 0 1.0
15 42 1.0 1.5 0 1.0
15 43 1.0 1.5 0 1.0
15 44 1.0 1.5 0 1.0
15 45 1.0 1.5 0 1.0
15 46 1.0 1.5 0 1.0
15 47 1.0 1.5 0 1.0
15 48 1.0 1.5 0 1.0
15 49 1.0 1.5 0 1.0
15 50 1.0 1.5 0 1.0
15 51 1.0 1.5 0 1.0
15 52 1.0 1.5 0 1.0
15 53 1.0 1.5 0 1.0
15 54 1.0 1.5 0 1.0
15 55 1.0 1.5 0 1.0
15 56 1.0 1.5 0 1.0
15 57 1.0 1.5 0 1.0
15 58 1.0 1.5 0 1.0
15 59 1.0 1.5 0 1.0
15 60 1.0 1.5 0 1.0
15 61 1.0 1.5 0 1.0
15 62 1.0 1.5 0 1.0
15 63 1.0 1.5 0 1.0
15 64 1.0 1.5 0 1.0
15 65 1.0 1.5 0 1.0
15 66 1.0 1.5 0 1.0
15 67 1.0 1.5 0 1.0
15 68 1.0 1.5 0 1.0
15 69 1.0 1.5 0 1.0
15 70 1.0 1.5 0 1.0
15 71 1.0 1.5 0 1.0
16 36 1.0 1.5 0 1.0
16 37 1.0 1.5 0 1.0
16 38 1.0 1.5 0 1.0
16 39 1.0 1.5 0 1.0
16 40 1.0 1.5 0 1.0
16 41 1.0 1.5 0 1.0
16 42 1.0 1.5 0 1.0
16 43 1.0 1.5 0 1.0
16 44 1.0 1.5 0 1.0
16 45 1.0 1.5 0 1.0
16 46 1.0 1.5 0 1.0
16 47 1.0 1.5 0 1.0
16 48 1.0 1.5 0 1.0
16 49 1.0 1.5 0 1.0
16 50 1.0 1.5 0 1.0
16 51 1.0 1.5 0 1.0
16 52 1.0 1.5 0 1.0
16 53 1.0 1.5 0 1.0
16 54 1.0 1.5 0 1.0
16 55 1.0 1.5 0 1.0
16 56 1.0 1.5 0 1.0
16 57 1.0 1.5 0 1.0
16 58 1.0 1.5 0 1.0
16 59 1.0 1.5 0 1.0
16 60 1.0 1.5 0 1.0
16 61 1.0 1.5 0 1.0
16 62 1.0 1.5 0 1.0
16 63 1.0 1.5 0 1.0
16 64 1.0 1.5 0 1.0
16 65 1.0 1.5 0 1.0
16 66 1.0 1.5 0 1.0
16 67 1.0 1.5 0 1.0
16 68 1.0 1.5 0 1.0
16 69 1.0 1.5 0 1.0
16 70 1.0 1.5 0 1.0
16 71 1.0 1.5 0 1.0
17 36 1.0 1.5 0 1.0
17 37 1.0 1.5 0 1.0
17 38 1.0 1.5 0 1.0
17 39 1.0 1.5 0 1.0
17 40 1.0 1.5 0 1.0
17 41 1.0 1.5 0 1.0
17 42 1.0 1.5 0 1.0
17 43 1.0 1.5 0 1.0
17 44 1.0 1.5 0 1.0
17 45 1.0 1.5 0 1.0
17 46 1.0 1.5 0 1.0
17 47 1.0 1.5 0 1.0
17 48 1.0 1.5 0 1.0
17 49 1.0 1.5 0 1.0
17 50 1.0 1.5 0 1.0
17 51 1.0 1.5 0 1.0
17 52 1.0 1.5 0 1.0
17 53 1.0 1.5 0 1.0
17 54 1.0 1.5 0 1.0
17 55 1.0 1.5 0 1.0
17 56 1.0 1.5 0 1.0
17 57 1.0 1.5 0 1.0
17 58 1.0 1.5 0 1.0
17 59 1.0 1.5 0 1.0
17 60 1.0 1.5 0 1.0
17 61 1.0 1.5 0 1.0
17 62 1.0 1.5 0 1.0
17 63 1.0 1.5 0 1.0
17 64 1.0 1.5 0 1.0
17 65 1.0 1.5 0 1.0
17 66 1.0 1.5 0 1.0
17 67 1.0 1.5 0 1.0
17 68 1.0 1.5 0 1.0
17 69 1.0 1.5 0 1.0
17 70 1.0 1.5 0 1.0
17 71 1.0 1.5 0 1.0
18 36 1.0 1.5 0 1.0
18 37 1.0 1.5 0 1.0
18 38 1.0 1.5 0 1.0
18 39 1.0 1.5 0 1.0
18 40 1.0 1.5 0 1.0
18 41 1.0 1.5 0 1.0
18 42 1.0 1.5 0 1.0
18 43 1.0 1.5 0 1.0
18 44 1.0 1.5 0 1.0
18 45 1.0 1.5 0 1.0
18 46 1.0 1.5 0 1.0
18 47 1.0 1.5 0 1.0
18 48 1.0 1.5 0 1.0
18 49 1.0 1.5 0 1.0
18 50 1.0 1.5 0 1.0
18 51 1.0 1.5 0 1.0
18 52 1.0 1.5 0 1.0
18 53 1.0 1.5 0 1.0
18 54 1.0 1.5 0 1.0
18 55 1.0 1.5 0 1.0
18 56 1.0 1.5 0 1.0
18 57 1.0 1.5 0 1.0
18 58 1.0 1.5 0 1.0
18 59 1.0 1.5 0 1.0
18 60 1.0 1.5 0 1.0
18 61 1.0 1.5 0 1.0
18 62 1.0 1.5 0 1.0
18 63 1.0 1.5 0 1.0
18 64 1.0 1.5 0 1.0
18 65 1.0 1.5 0 1.0
18 66 1.0 1.5 0 1.0
18 67 1.0 1.5 0 1.0
18 68 1.0 1.5 0 1.0
18 69 1.0 1.5 0 1.0
18 70 1.0 1.5 0 1.0
18 71 1.0 1.5 0 1.0
19 36 1.0 1.5 0 1.0
19 37 1.0 1.5 0 1.0
19 38 1.0 1.5 0 1.0
19 39 1.0 1.5 0 1.0
19 40 1.0 1.5 0 1.0
19 41 1.0 1.5 0 1.0
19 42 1.0 1.5 0 1.0
19 43 1.0 1.5 0 1.0
19 44 1.0 1.5 0 1.0
19 45 1.0 1.5 0 1.0
19 46 1.0 1.5 0 1.0
19 47 1.0 1.5 0 1.0
19 48 1.0 1.5 0 1.0
19 49 1.0 1.5 0 1.0
19 50 1.0 1.5 0 1.0
19 51 1.0 1.5 0 1.0
19 52 1.0 1.5 0 1.0
19 53 1.0 1.5 0 1.0
19 54 1.0 1.5 0 1.0
19 55 1.0 1.5 0 1.0
19 56 1.0 1.5 0 1.0
19 57 1.0 1.5 0 1.0
19 58 1.0 1.5 0 1.0
19 59 1.0 1.5 0 1.0
19 60 1.0 1.5 0 1.0
19 61 1.0 1.5 0 1.0
19 62 1.0 1.5 0 1.0
19 63 1.0 1.5 0 1.0
19 64 1.0 1.5 0 1.0
19 65 1.0 1.5 0 1.0
19 66 1.0 1.5 0 1.0
19 67 1.0 1.5 0 1.0
19 68 1.0 1.5 0 1.0
19 69 1.0 1.5 0 1.0
19 70 1.0 1.5 0 1.0
19 71 1.0 1.5 0 1.0
20 36 1.0 1.5 0 1.0
20 37 1.0 1.5 0 1.0
20 38 1.0 1.5 0 1.0
20 39 1.0 1.5 0 1.0
20 40 1.0 1.5 0 1.0
20 41 1.0 1.5 0 1.0
20 42 1.0 1.5 0 1.0
20 43 1.0 1.5 0 1.0
20 44 1.0 1.5 0 1.0
20 45 1.0 1.5 0 1.0
20 46 1.0 1.5 0 1.0
20 47 1.0 1.5 0 1.0
20 48 1.0 1.5 0 1.0
20 49 1.0 1.5 0 1.0
20 50 1.0 1.5 0 1.0
20 51 1.0 1.5 0 1.0
20 52 1.0 1.5 0 1.0
20 53 1.0 1.5 0 1.0
20 54 1.0 1.5 0 1.0
20 55 1.0 1.5 0 1.0
20 56 1.0 1.5 0 1.0
20 57 1.0 1.5 0 1.0
20 58 1.0 1.5 0 1.0
20 59 1.0 1.5 0 1.0
20 60 1.0 1.5 0 1.0
20 61 1.0 1.5 0 1.0
20 62 1.0 1.5 0 1.0
20 63 1.0 1.5 0 1.0
20 64 1.0 1.5 0 1.0
20 65 1.0 1.5 0 1.0
20 66 1.0 1.5 0 1.0
20 67 1.0 1.5 0 1.0
20 68 1.0 1.5 0 1.0
20 69 1.0 1.5 0 1.0
20 70 1.0 1.5 0 1.0
20 71 1.0 1.5 0 1.0
21 36 1.0 1.5 0 1.0
21 37 1.0 1.5 0 1.0
21 38 1.0 1.5 0 1.0
21 39 1.0 1.5 0 1.0
21 40 1.0 1.5 0 1.0
21 41 1.0 1.5 0 1.0
21 42 1.0 1.5 0 1.0
21 43 1.0 1.5 0 1.0
21 44 1.0 1.5 0 1.0
21 45 1.0 1.5 0 1.0
21 46 1.0 1.5 0 1.0
21 47 1.0 1.5 0 1.0
21 48 1.0 1.5 0 1.0
21 49 1.0 1.5 0 1.0
21 50 1.0 1.5 0 1.0
21 51 1.0 1.5 0 1.0
21 52 1.0 1.5 0 1.0
21 53 1.0 1.5 0 1.0
21 54 1.0 1.5 0 1.0
21 55 1.0 1.5 0 1.0
21 56 1.0 1.5 0 1.0
21 57 1.0 1.5 0 1.0
21 58 1.0 1.5 0 1.0
21 59 1.0 1.5 0 1.0
21 60 1.0 1.5 0 1.0
21 61 1.0 1.5 0 1.0
21 62 1.0 1.5 0 1.0
21 63 1.0 1.5 0 1.0
21 64 1.0 1.5 0 1.0
21 65 1.0 1.5 0 1.0
21 66 1.0 1.5 0 1.0
21 67 1.0 1.5 0 1.0
21 68 1.0 1.5 0 1.0
21 69 1.0 1.5 0 1.0
21 70 1.0 1.5 0 1.0
21 71 1.0 1.5 0 1.0
22 36 1.0 1.5 0 1.0
22 37 1.0 1.5 0 1.0
22 38 1.0 1.5 0 1.0
22 39 1.0 1.5 0 1.0
22 40 1.0 1.5 0 1.0
22 41 1.0 1.5 0 1.0
22 42 1.0 1.5 0 1.0
22 43 1.0 1.5 0 1.0
22 44 1.0 1.5 0 1.0
22 45 1.0 1.5 0 1.0
22 46 1.0 1.5 0 1.0
22 47 1.0 1.5 0 1.0
22 48 1.0 1.5 0 1.0
22 49 1.0 1.5 0 1.0
22 50 1.0 1.5 0 1.0
22 51 1.0 1.5 0 1.0
22 52 1.0 1.5 0 1.0
22 53 1.0 1.5 0 1.0
22 54 1.0 1.5 0 1.0
22 55 1.0 1.5 0 1.0
22 56 1.0 1.5 0 1.0
22 57 1.0 1.5 0 1.0
22 58 1.0 1.5 0 1.0
22 59 1.0 1.5 0 1.0
22 60 1.0 1.5 0 1.0
22 61 1.0 1.5 0 1.0
22 62 1.0 1.5 0 1.0
22 63 1.0 1.5 0 1.0
22 64 1.0 1.5 0 1.0
22 65 1.0 1.5 0 1.0
22 66 1.0 1.5 0 1.0
22 67 1.0 1.5 0 1.0
22 68 1.0 1.5 0 1.0
22 69 1.0 1.5 0 1.0
22 70 1.0 1.5 0 1.0
22 71 1.0 1.5 0 1.0
23 36 1.0 1.5 0 1.0
23 37 1.0 1.5 0 1.0
23 38 1.0 1.5 0 1.0
23 39 1.0 1.5 0 1.0
23 40 1.0 1.5 0 1.0
23 41 1.0 1.5 0 1.0
23 42 1.0 1.5 0 1.0
23 43 1.0 1.5 0 1.0
23 44 1.0 1.5 0 1.0
23 45 1.0 1.5 0 1.0
23 46 1.0 1.5 0 1.0
23 47 1.0 1.5 0 1.0
23 48 1.0 1.5 0 1.0
23 49 1.0 1.5 0 1.0
23 50 1.0 1.5 0 1.0
23 51 1.0 1.5 0 1.0
23 52 1.0 1.5 0 1.0
23 53 1.0 1.5 0 1.0
23 54 1.0 1.5 0 1.0
23 55 1.0 1.5 0 1.0
23 56 1.0 1.5 0 1.0
23 57 1.0 1.5 0 1.0
23 58 1.0 1.5 0 1.0
23 59 1.0 1.5 0 1.0
23 60 1.0 1.5 0 1.0
23 61 1.0 1.5 0 1.0
23 62 1.0 1.5 0 1.0
23 63 1.0 1.5 0 1.0
23 64 1.0 1.5 0 1.0
23 65 1.0 1.5 0 1.0
23 66 1.0 1.5 0 1.0
23 67 1.0 1.5 0 1.0
23 68 1.0 1.5 0 1.0
23 69 1.0 1.5 0 1.0
23 70 1.0 1.5 0 1.0
23 71 1.0 1.5 0 1.0
24 36 1.0 1.5 0 1.0
24 37 1.0 1.5 0 1.0
24 38 1.0 1.5 0 1.0
24 39 1.0 1.5 0 1.0
24 40 1.0 1.5 0 1.0
24 41 1.0 1.5 0 1.0
24 42 1.0 1.5 0 1.0
24 43 1.0 1.5 0 1.0
24 44 1.0 1.5 0 1.0
24 45 1.0 1.5 0 1.0
24 46 1.0 1.5 0 1.0
24 47 1.0 1.5 0 1.0
24 48 1.0 1.5 0 1.0
24 49 1.0 1.5 0 1.0
24 50 1.0 1.5 0 1.0
24 51 1.0 1.5 0 1.0
24 52 1.0 1.5 0 1.0
24 53 1.0 1.5 0 1.0
24 54 1.0 1.5 0 1.0
24 55 1.0 1.5 0 1.0
24 56 1.0 1.5 0 1.0
24 57 1.0 1.5 0 1.0
24 58 1.0 1.5 0 1.0
24 59 1.0 1.5 0 1.0
24 60 1.0 1.5 0 1.0
24 61 1.0 1.5 0 1.0
24 62 1.0 1.5 0 1.0
24 63 1.0 1.5 0 1.0
24 64 1.0 1.5 0 1.0
24 65 1.0 1.5 0 1.0
24 66 1.0 1.5 0 1.0
24 67 1.0 1.5 0 1.0
24 68 1.0 1.5 0 1.0
24 69 1.0 1.5 0 1.0
24 70 1.0 1.5 0 1.0
24 71 1.0 1.5 0 1.0
25 36 1.0 1.5 0 1.0
25 37 1.0 1.5 0 1.0
25 38 1.0 1.5 0 1.0
25 39 1.0 1.5 0 1.0
25 40 1.0 1.5 0 1.0
25 41 1.0 1.5 0 1.0
25 42 1.0 1.5 0 1.0
25 43 1.0 1.5 0 1.0
25 44 1.0 1.5 0 1.0
25 45 1.0 1.5 0 1.0
25 46 1.0 1.5 0 1.0
25 47 1.0 1.5 0 1.0
25 48 1.0 1.5 0 1.0
25 49 1.0 1.5 0 1.0
25 50 1.0 1.5 0 1.0
25 51 1.0 1.5 0 1.0
25 52 1.0 1.5 0 1.0
25 53 1.0 1.5 0 1.0
25 54 1.0 1.5 0 1.0
25 55 1.0 1.5 0 1.0
25 56 1.0 1.5 0 1.0
25 57 1.0 1.5 0 1.0
25 58 1.0 1.5 0 1.0
25 59 1.0 1.5 0 1.0
25 60 1.0 1.5 0 1.0
25 61 1.0 1.5 0 1.0
25 62 1.0 1.5 0 1.0
25 63 1.0 1.5 0 1.0
25 64 1.0 1.5 0 1.0
25 65 1.0 1.5 0 1.0
25 66 1.0 1.5 0 1.0
25 67 1.0 1.5 0 1.0
25 68 1.0 1.5 0 1.0
25 69 1.0 1.5 0 1.0
25 70 1.0 1.5 0 1.0
25 71 1.0 1.5 0 1.0
26 36 1.0 1.5 0 1.0
26 37 1.0 1.5 0 1.0
26 38 1.0 1.5 0 1.0
26 39 1.0 1.5 0 1.0
26 40 1.0 1.5 0 1.0
26 41 1.0 1.5 0 1.0
26 42 1.0 1.5 0 1.0
26 43 1.0 1.5 0 1.0
26 44 1.0 1.5 0 1.0
26 45 1.0 1.5 0 1.0
26 46 1.0 1.5 0 1.0
26 47 1.0 1.5 0 1.0
26 48 1.0 1.5 0 1.0
26 49 1.0 1.5 0 1.0
26 50 1.0 1.5 0 1.0
26 51 1.0 1.5 0 1.0
26 52 1.0 1.5 0 1.0
26 53 1.0 1.5 0 1.0
26 54 1.0 1.5 0 1.0
26 55 1.0 1.5 0 1.0
26 56 1.0 1.5 0 1.0
26 57 1.0 1.5 0 1.0
26 58 1.0 1.5 0 1.0
26 59 1.0 1.5 0 1.0
26 60 1.0 1.5 0 1.0
26 61 1.0 1.5 0 1.0
26 62 1.0 1.5 0 1.0
26 63 1.0 1.5 0 1.0
26 64 1.0 1.5 0 1.0
26 65 1.0 1.5 0 1.0
26 66 1.0 1.5 0 1.0
26 67 1.0 1.5 0 1.0
26 68 1.0 1.5 0 1.0
26 69 1.0 1.5 0 1.0
26 70 1.0 1.5 0 1.0
26 71 1.0 1.5 0 1.0
27 36 1.0 1.5 0 1.0
27 37 1.0 1.5 0 1.0
27 38 1.0 1.5 0 1.0
27 39 1.0 1.5 0 1.0
27 40 1.0 1.5 0 1.0
27 41 1.0 1.5 0 1.0
27 42 1.0 1.5 0 1.0
27 43 1.0 1.5 0 1.0
27 44 1.0 1.5 0 1.0
27 45 1.0 1.5 0 1.0
27 46 1.0 1.5 0 1.0
27 47 1.0 1.5 0 1.0
27 48 1.0 1.5 0 1.0
27 49 1.0 1.5 0 1.0
27 50 1.0 1.5 0 1.0
27 51 1.0 1.5 0 1.0
27 52 1.0 1.5 0 1.0
27 53 1.0 1.5 0 1.0
27 54 1.0 1.5 0 1.0
27 55 1.0 1.5 0 1.0
27 56 1.0 1.5 0 1.0
27 57 1.0 1.5 0 1.0
27 58 1.0 1.5 0 1.0
27 59 1.0 1.5 0 1.0
27 60 1.0 1.5 0 1.0
27 61 1.0 1.5 0 1.0
27 62 1.0 1.5 0 1.0
27 63 1.0 1.5 0 1.0
27 64 1.0 1.5 0 1.0
27 65 1.0 1.5 0 1.0
27 66 1.0 1.5 0 1.0
27 67 1.0 1.5 0 1.0
27 68 1.0 1.5 0 1.0
27 69 1.0 1.5 0 1.0
27 70 1.0 1.5 0 1.0
27 71 1.0 1.5 0 1.0
28 36 1.0 1.5 0 1.0
28 37 1.0 1.5 0 1.0
28 38 1.0 1.5 0 1.0
28 39 1.0 1.5 0 1.0
28 40 1.0 1.5 0 1.0
28 41 1.0 1.5 0 1.0
28 42 1.0 1.5 0 1.0
28 43 1.0 1.5 0 1.0
28 44 1.0 1.5 0 1.0
28 45 1.0 1.5 0 1.0
28 46 1.0 1.5 0 1.0
28 47 1.0 1.5 0 1.0
28 48 1.0 1.5 0 1.0
28 49 1.0 1.5 0 1.0
28 50 1.0 1.5 0 1.0
28 51 1.0 1.5 0 1.0
28 52 1.0 1.5 0 1.0
28 53 1.0 1.5 0 1.0
28 54 1.0 1.5 0 1.0
28 55 1.0 1.5 0 1.0
28 56 1.0 1.5 0 1.0
28 57 1.0 1.5 0 1.0
28 58 1.0 1.5 0 1.0
28 59 1.0 1.5 0 1.0
28 60 1.0 1.5 0 1.0
28 61 1.0 1.5 0 1.0
28 62 1.0 1.5 0 1.0
28 63 1.0 1.5 0 1.0
28 64 1.0 1.5 0 1.0
28 65 1.0 1.5 0 1.0
28 66 1.0 1.5 0 1.0
28 67 1.0 1.5 0 1.0
28 68 1.0 1.5 0 1.0
28 69 1.0 1.5 0 1.0
28 70 1.0 1.5 0 1.0
28 71 1.0 1.5 0 1.0
29 36 1.0 1.5 0 1.0
29 37 1.0 1.5 0 1.0
29 38 1.0 1.5 0 1.0
29 39 1.0 1.5 0 1.0
29 40 1.0 1.5 0 1.0
29 41 1.0 1.5 0 1.0
29 42 1.0 1.5 0 1.0
29 43 1.0 1.5 0 1.0
29 44 1.0 1.5 0 1.0
29 45 1.0 1.5 0 1.0
29 46 1.0 1.5 0 1.0
29 47 1.0 1.5 0 1.0
29 48 1.0 1.5 0 1.0
29 49 1.0 1.5 0 1.0
29 50 1.0 1.5 0 1.0
29 51 1.0 1.5 0 1.0
29 52 1.0 1.5 0 1.0
29 53 1.0 1.5 0 1.0
29 54 1.0 1.5 0 1.0
29 55 1.0 1.5 0 1.0
29 56 1.0 1.5 0 1.0
29 57 1.0 1.5 0 1.0
29 58 1.0 1.5 0 1.0
29 59 1.0 1.5 0 1.0
29 60 1.0 1.5 0 1.0
29 61 1.0 1.5 0 1.0
29 62 1.0 1.5 0 1.0
29 63 1.0 1.5 0 1.0
29 64 1.0 1.5 0 1.0
29 65 1.0 1.5 0 1.0
29 66 1.0 1.5 0 1.0
29 67 1.0 1.5 0 1.0
29 68 1.0 1.5 0 1.0
29 69 1.0 1.5 0 1.0
29 70 1.0 1.5 0 1.0
29 71 1.0 1.5 0 1.0
30 36 1.0 1.5 0 1.0
30 37 1.0 1.5 0 1.0
30 38 1.0 1.5 0 1.0
30 39 1.0 1.5 0 1.0
30 40 1.0 1.5 0 1.0
30 41 1.0 1.5 0 1.0
30 42 1.0 1.5 0 1.0
30 43 1.0 1.5 0 1.0
30 44 1.0 1.5 0 1.0
30 45 1.0 1.5 0 1.0
30 46 1.0 1.5 0 1.0
30 47 1.0 1.5 0 1.0
30 48 1.0 1.5 0 1.0
30 49 1.0 1.5 0 1.0
30 50 1.0 1.5 0 1.0
30 51 1.0 1.5 0 1.0
30 52 1.0 1.5 0 1.0
30 53 1.0 1.5 0 1.0
30 54 1.0 1.5 0 1.0
30 55 1.0 1.5 0 1.0
30 56 1.0 1.5 0 1.0
30 57 1.0 1.5 0 1.0
30 58 1.0 1.5 0 1.0
30 59 1.0 1.5 0 1.0
30 60 1.0 1.5 0 1.0
30 61 1.0 1.5 0 1.0
30 62 1.0 1.5 0 1.0
30 63 1.0 1.5 0 1.0
30 64 1.0 1.5 0 1.0
30 65 1.0 1.5 0 1.0
30 66 1.0 1.5 0 1.0
30 67 1.0 1.5 0 1.0
30 68 1.0 1.5 0 1.0
30 69 1.0 1.5 0 1.0
30 70 1.0 1.5 0 1.0
30 71 1.0 1.5 0 1.0
31 36 1.0 1.5 0 1.0
31 37 1.0 1.5 0 1.0
31 38 1.0 1.5 0 1.0
31 39 1.0 1.5 0 1.0
31 40 1.0 1.5 0 1.0
31 41 1.0 1.5 0 1.0
31 42 1.0 1.5 0 1.0
31 43 1.0 1.5 0 1.0
31 44 1.0 1.5 0 1.0
31 45 1.0 1.5 0 1.0
31 46 1.0 1.5 0 1.0
31 47 1.0 1.5 0 1.0
31 48 1.0 1.5 0 1.0
31 49 1.0 1.5 0 1.0
31 50 1.0 1.5 0 1.0
31 51 1.0 1.5 0 1.0
31 52 1.0 1.5 0 1.0
31 53 1.0 1.5 0 1.0
31 54 1.0 1.5 0 1.0
31 55 1.0 1.5 0 1.0
31 56 1.0 1.5 0 1.0
31 57 1.0 1.5 0 1.0
31 58 1.0 1.5 0 1.0
31 59 1.0 1.5 0 1.0
31 60 1.0 1.5 0 1.0
31 61 1.0 1.5 0 1.0
31 62 1.0 1.5 0 1.0
31 63 1.0 1.5 0 1.0
31 64 1.0 1.5 0 1.0
31 65 1.0 1.5 0 1.0
31 66 1.0 1.5 0 1.0
31 67 1.0 1.5 0 1.0
31 68 1.0 1.5 0 1.0
31 69 1.0 1.5 0 1.0
31 70 1.0 1.5 0 1.0
31 71 1.0 1.5 0 1.0