55	0	0.0	0.0	1.0
55	1	0.0	0.0	1.0
55	2	0.0	0.0	1.0
55	3	0.0	0.0	1.0
55	4	0.0	0.0	1.0
55	5	0.0	0.0	1.0
55	6	0.0	0.0	1.0
55	7	0.0	0.0	1.0
55	8	0.0	0.0	1.0
55	9	0.0	0.0	1.0
55	10	0.0	0.0	1.0
55	11	0.0	0.0	1.0
55	12	0.0	0.0	1.0
55	13	0.0	0.0	1.0
55	14	0.0	0.0	1.0
55	15	0.0	0.0	1.0
55	16	0.0	0.0	1.0
55	17	0.0	0.0	1.0
55	18	0.0	0.0	1.0
55	19	0.0	0.0	1.0
55	20	0.0	0.0	1.0
55	21	0.0	0.0	1.0
55	22	0.0	0.0	1.0
55	23	0.0	0.0	1.0
55	24	0.0	0.0	1.0
55	25	0.0	0.0	1.0
55	26	0.0	0.0	1.0
55	27	0.0	0.0	1.0
55	28	0.0	0.0	1.0
55	29	0.0	0.0	1.0
55	30	0.0	0.0	1.0
55	31	0.0	0.0	1.0
55	32	0.0	0.0	1.0
55	33	0.0	0.0	1.0
55	34	0.0	0.0	1.0
55	35	0.0	0.0	1.0
55	36	0.0	0.0	1.0
55	37	0.0	0.0	1.0
55	38	0.0	0.0	1.0
55	39	0.0	0.0	1.0
55	40	0.0	0.0	1.0
55	41	0.0	0.0	1.0
55	42	0.0	0.0	1.0
55	43	0.0	0.0	1.0
55	44	0.0	0.0	1.0
55	45	0.0	0.0	1.0
55	46	0.0	0.0	1.0
55	47	0.0	0.0	1.0
55	48	0.0	0.0	1.0
55	49	0.0	0.0	1.0
55	50	0.0	0.0	1.0
55	51	0.0	0.0	1.0
55	52	0.0	0.0	1.0
55	53	0.0	0.0	1.0
55	54	0.0	0.0	1.0
55	55	0.0	0.0	1.0
55	56	0.0	0.0	1.0
55	57	0.0	0.0	1.0
55	58	0.0	0.0	1.0
55	59	0.0	0.0	1.0
55	60	0.0	0.0	1.0
55	61	0.0	0.0	1.0
55	62	0.0	0.0	1.0
55	63	0.0	0.0	1.0
55	64	0.0	0.0	1.0
55	65	0.0	0.0	1.0
55	66	0.0	0.0	1.0
55	67	0.0	0.0	1.0
55	68	0.0	0.0	1.0
55	69	0.0	0.0	1.0
55	70	0.0	0.0	1.0
55	71	0.0	0.0	1.0
55	72	0.0	0.0	1.0
55	73	0.0	0.0	1.0
55	74	0.0	0.0	1.0
55	75	0.0	0.0	1.0
55	76	0.0	0.0	1.0
55	77	0.0	0.0	1.0
55	78	0.0	0.0	1.0
55	79	0.0	0.0	1.0
55	80	0.0	0.0	1.0
55	81	0.0	0.0	1.0
55	82	0.0	0.0	1.0
55	83	0.0	0.0	1.0
55	84	0.0	0.0	1.0
55	85	0.0	0.0	1.0
55	86	0.0	0.0	1.0
55	87	0.0	0.0	1.0
55	88	0.0	0.0	1.0
55	89	0.0	0.0	1.0
55	90	0.0	0.0	1.0
55	91	0.0	0.0	1.0
55	92	0.0	0.0	1.0
55	93	0.0	0.0	1.0
55	94	0.0	0.0	1.0
55	95	0.0	0.0	1.0
55	96	0.0	0.0	1.0
55	97	0.0	0.0	1.0
55	98	0.0	0.0	1.0
55	99	0.0	0.0	1.0
55	100	0.0	0.0	1.0
55	101	0.0	0.0	1.0
55	102	0.0	0.0	1.0
55	103	0.0	0.0	1.0
55	104	0.0	0.0	1.0
55	105	0.0	0.0	1.0
55	106	0.0	0.0	1.0
55	107	0.0	0.0	1.0
55	108	0.0	0.0	1.0
55	109	0.0	0.0	1.0
55	110	0.0	0.0	1.0
55	111	0.0	0.0	1.0
55	112	0.0	0.0	1.0
55	113	0.0	0.0	1.0
55	114	0.0	0.0	1.0
55	115	0.0	0.0	1.0
55	116	0.0	0.0	1.0
55	117	0.0	0.0	1.0
55	118	0.0	0.0	1.0
55	119	0.0	0.0	1.0
55	120	0.0	0.0	1.0
55	121	0.0	0.0	1.0
55	122	0.0	0.0	1.0
55	123	0.0	0.0	1.0
55	124	0.0	0.0	1.0
55	125	0.0	0.0	1.0
55	126	0.0	0.0	1.0
55	127	0.0	0.0	1.0
56	0	0.0	0.0	1.0
56	1	0.0	0.0	1.0
56	2	0.0	0.0	1.0
56	3	0.0	0.0	1.0
56	4	0.0	0.0	1.0
56	5	0.0	0.0	1.0
56	6	0.0	0.0	1.0
56	7	0.0	0.0	1.0
56	8	0.0	0.0	1.0
56	9	0.0	0.0	1.0
56	10	0.0	0.0	1.0
56	11	0.0	0.0	1.0
56	12	0.0	0.0	1.0
56	13	0.0	0.0	1.0
56	14	0.0	0.0	1.0
56	15	0.0	0.0	1.0
56	16	0.0	0.0	1.0
56	17	0.0	0.0	1.0
56	18	0.0	0.0	1.0
56	19	0.0	0.0	1.0
56	20	0.0	0.0	1.0
56	21	0.0	0.0	1.0
56	22	0.0	0.0	1.0
56	23	0.0	0.0	1.0
56	24	0.0	0.0	1.0
56	25	0.0	0.0	1.0
56	26	0.0	0.0	1.0
56	27	0.0	0.0	1.0
56	28	0.0	0.0	1.0
56	29	0.0	0.0	1.0
56	30	0.0	0.0	1.0
56	31	0.0	0.0	1.0
56	32	0.0	0.0	1.0
56	33	0.0	0.0	1.0
56	34	0.0	0.0	1.0
56	35	0.0	0.0	1.0
56	36	0.0	0.0	1.0
56	37	0.0	0.0	1.0
56	38	0.0	0.0	1.0
56	39	0.0	0.0	1.0
56	40	0.0	0.0	1.0
56	41	0.0	0.0	1.0
56	42	0.0	0.0	1.0
56	43	0.0	0.0	1.0
56	44	0.0	0.0	1.0
56	45	0.0	0.0	1.0
56	46	0.0	0.0	1.0
56	47	0.0	0.0	1.0
56	48	0.0	0.0	1.0
56	49	0.0	0.0	1.0
56	50	0.0	0.0	1.0
56	51	0.0	0.0	1.0
56	52	0.0	0.0	1.0
56	53	0.0	0.0	1.0
56	54	0.0	0.0	1.0
56	55	0.0	0.0	1.0
56	56	0.0	0.0	1.0
56	57	0.0	0.0	1.0
56	58	0.0	0.0	1.0
56	59	0.0	0.0	1.0
56	60	0.0	0.0	1.0
56	61	0.0	0.0	1.0
56	62	0.0	0.0	1.0
56	63	0.0	0.0	1.0
56	64	0.0	0.0	1.0
56	65	0.0	0.0	1.0
56	66	0.0	0.0	1.0
56	67	0.0	0.0	1.0
56	68	0.0	0.0	1.0
56	69	0.0	0.0	1.0
56	70	0.0	0.0	1.0
56	71	0.0	0.0	1.0
56	72	0.0	0.0	1.0
56	73	0.0	0.0	1.0
56	74	0.0	0.0	1.0
56	75	0.0	0.0	1.0
56	76	0.0	0.0	1.0
56	77	0.0	0.0	1.0
56	78	0.0	0.0	1.0
56	79	0.0	0.0	1.0
56	80	0.0	0.0	1.0
56	81	0.0	0.0	1.0
56	82	0.0	0.0	1.0
56	83	0.0	0.0	1.0
56	84	0.0	0.0	1.0
56	85	0.0	0.0	1.0
56	86	0.0	0.0	1.0
56	87	0.0	0.0	1.0
56	88	0.0	0.0	1.0
56	89	0.0	0.0	1.0
56	90	0.0	0.0	1.0
56	91	0.0	0.0	1.0
56	92	0.0	0.0	1.0
56	93	0.0	0.0	1.0
56	94	0.0	0.0	1.0
56	95	0.0	0.0	1.0
56	96	0.0	0.0	1.0
56	97	0.0	0.0	1.0
56	98	0.0	0.0	1.0
56	99	0.0	0.0	1.0
56	100	0.0	0.0	1.0
56	101	0.0	0.0	1.0
56	102	0.0	0.0	1.0
56	103	0.0	0.0	1.0
56	104	0.0	0.0	1.0
56	105	0.0	0.0	1.0
56	106	0.0	0.0	1.0
56	107	0.0	0.0	1.0
56	108	0.0	0.0	1.0
56	109	0.0	0.0	1.0
56	110	0.0	0.0	1.0
56	111	0.0	0.0	1.0
56	112	0.0	0.0	1.0
56	113	0.0	0.0	1.0
56	114	0.0	0.0	1.0
56	115	0.0	0.0	1.0
56	116	0.0	0.0	1.0
56	117	0.0	0.0	1.0
56	118	0.0	0.0	1.0
56	119	0.0	0.0	1.0
56	120	0.0	0.0	1.0
56	121	0.0	0.0	1.0
56	122	0.0	0.0	1.0
56	123	0.0	0.0	1.0
56	124	0.0	0.0	1.0
56	125	0.0	0.0	1.0
56	126	0.0	0.0	1.0
56	127	0.0	0.0	1.0
57	0	0.0	0.0	1.0
57	1	0.0	0.0	1.0
57	2	0.0	0.0	1.0
57	3	0.0	0.0	1.0
57	4	0.0	0.0	1.0
57	5	0.0	0.0	1.0
57	6	0.0	0.0	1.0
57	7	0.0	0.0	1.0
57	8	0.0	0.0	1.0
57	9	0.0	0.0	1.0
57	10	0.0	0.0	1.0
57	11	0.0	0.0	1.0
57	12	0.0	0.0	1.0
57	13	0.0	0.0	1.0
57	14	0.0	0.0	1.0
57	15	0.0	0.0	1.0
57	16	0.0	0.0	1.0
57	17	0.0	0.0	1.0
57	18	0.0	0.0	1.0
57	19	0.0	0.0	1.0
57	20	0.0	0.0	1.0
57	21	0.0	0.0	1.0
57	22	0.0	0.0	1.0
57	23	0.0	0.0	1.0
57	24	0.0	0.0	1.0
57	25	0.0	0.0	1.0
57	26	0.0	0.0	1.0
57	27	0.0	0.0	1.0
57	28	0.0	0.0	1.0
57	29	0.0	0.0	1.0
57	30	0.0	0.0	1.0
57	31	0.0	0.0	1.0
57	32	0.0	0.0	1.0
57	33	0.0	0.0	1.0
57	34	0.0	0.0	1.0
57	35	0.0	0.0	1.0
57	36	0.0	0.0	1.0
57	37	0.0	0.0	1.0
57	38	0.0	0.0	1.0
57	39	0.0	0.0	1.0
57	40	0.0	0.0	1.0
57	41	0.0	0.0	1.0
57	42	0.0	0.0	1.0
57	43	0.0	0.0	1.0
57	44	0.0	0.0	1.0
57	45	0.0	0.0	1.0
57	46	0.0	0.0	1.0
57	47	0.0	0.0	1.0
57	48	0.0	0.0	1.0
57	49	0.0	0.0	1.0
57	50	0.0	0.0	1.0
57	51	0.0	0.0	1.0
57	52	0.0	0.0	1.0
57	53	0.0	0.0	1.0
57	54	0.0	0.0	1.0
57	55	0.0	0.0	1.0
57	56	0.0	0.0	1.0
57	57	0.0	0.0	1.0
57	58	0.0	0.0	1.0
57	59	0.0	0.0	1.0
57	60	0.0	0.0	1.0
57	61	0.0	0.0	1.0
57	62	0.0	0.0	1.0
57	63	0.0	0.0	1.0
57	64	0.0	0.0	1.0
57	65	0.0	0.0	1.0
57	66	0.0	0.0	1.0
57	67	0.0	0.0	1.0
57	68	0.0	0.0	1.0
57	69	0.0	0.0	1.0
57	70	0.0	0.0	1.0
57	71	0.0	0.0	1.0
57	72	0.0	0.0	1.0
57	73	0.0	0.0	1.0
57	74	0.0	0.0	1.0
57	75	0.0	0.0	1.0
57	76	0.0	0.0	1.0
57	77	0.0	0.0	1.0
57	78	0.0	0.0	1.0
57	79	0.0	0.0	1.0
57	80	0.0	0.0	1.0
57	81	0.0	0.0	1.0
57	82	0.0	0.0	1.0
57	83	0.0	0.0	1.0
57	84	0.0	0.0	1.0
57	85	0.0	0.0	1.0
57	86	0.0	0.0	1.0
57	87	0.0	0.0	1.0
57	88	0.0	0.0	1.0
57	89	0.0	0.0	1.0
57	90	0.0	0.0	1.0
57	91	0.0	0.0	1.0
57	92	0.0	0.0	1.0
57	93	0.0	0.0	1.0
57	94	0.0	0.0	1.0
57	95	0.0	0.0	1.0
57	96	0.0	0.0	1.0
57	97	0.0	0.0	1.0
57	98	0.0	0.0	1.0
57	99	0.0	0.0	1.0
57	100	0.0	0.0	1.0
57	101	0.0	0.0	1.0
57	102	0.0	0.0	1.0
57	103	0.0	0.0	1.0
57	104	0.0	0.0	1.0
57	105	0.0	0.0	1.0
57	106	0.0	0.0	1.0
57	107	0.0	0.0	1.0
57	108	0.0	0.0	1.0
57	109	0.0	0.0	1.0
57	110	0.0	0.0	1.0
57	111	0.0	0.0	1.0
57	112	0.0	0.0	1.0
57	113	0.0	0.0	1.0
57	114	0.0	0.0	1.0
57	115	0.0	0.0	1.0
57	116	0.0	0.0	1.0
57	117	0.0	0.0	1.0
57	118	0.0	0.0	1.0
57	119	0.0	0.0	1.0
57	120	0.0	0.0	1.0
57	121	0.0	0.0	1.0
57	122	0.0	0.0	1.0
57	123	0.0	0.0	1.0
57	124	0.0	0.0	1.0
57	125	0.0	0.0	1.0
57	126	0.0	0.0	1.0
57	127	0.0	0.0	1.0
58	0	0.0	0.0	1.0
58	1	0.0	0.0	1.0
58	2	0.0	0.0	1.0
58	3	0.0	0.0	1.0
58	4	0.0	0.0	1.0
58	5	0.0	0.0	1.0
58	6	0.0	0.0	1.0
58	7	0.0	0.0	1.0
58	8	0.0	0.0	1.0
58	9	0.0	0.0	1.0
58	10	0.0	0.0	1.0
58	11	0.0	0.0	1.0
58	12	0.0	0.0	1.0
58	13	0.0	0.0	1.0
58	14	0.0	0.0	1.0
58	15	0.0	0.0	1.0
58	16	0.0	0.0	1.0
58	17	0.0	0.0	1.0
58	18	0.0	0.0	1.0
58	19	0.0	0.0	1.0
58	20	0.0	0.0	1.0
58	21	0.0	0.0	1.0
58	22	0.0	0.0	1.0
58	23	0.0	0.0	1.0
58	24	0.0	0.0	1.0
58	25	0.0	0.0	1.0
58	26	0.0	0.0	1.0
58	27	0.0	0.0	1.0
58	28	0.0	0.0	1.0
58	29	0.0	0.0	1.0
58	30	0.0	0.0	1.0
58	31	0.0	0.0	1.0
58	32	0.0	0.0	1.0
58	33	0.0	0.0	1.0
58	34	0.0	0.0	1.0
58	35	0.0	0.0	1.0
58	36	0.0	0.0	1.0
58	37	0.0	0.0	1.0
58	38	0.0	0.0	1.0
58	39	0.0	0.0	1.0
58	40	0.0	0.0	1.0
58	41	0.0	0.0	1.0
58	42	0.0	0.0	1.0
58	43	0.0	0.0	1.0
58	44	0.0	0.0	1.0
58	45	0.0	0.0	1.0
58	46	0.0	0.0	1.0
58	47	0.0	0.0	1.0
58	48	0.0	0.0	1.0
58	49	0.0	0.0	1.0
58	50	0.0	0.0	1.0
58	51	0.0	0.0	1.0
58	52	0.0	0.0	1.0
58	53	0.0	0.0	1.0
58	54	0.0	0.0	1.0
58	55	0.0	0.0	1.0
58	56	0.0	0.0	1.0
58	57	0.0	0.0	1.0
58	58	0.0	0.0	1.0
58	59	0.0	0.0	1.0
58	60	0.0	0.0	1.0
58	61	0.0	0.0	1.0
58	62	0.0	0.0	1.0
58	63	0.0	0.0	1.0
58	64	0.0	0.0	1.0
58	65	0.0	0.0	1.0
58	66	0.0	0.0	1.0
58	67	0.0	0.0	1.0
58	68	0.0	0.0	1.0
58	69	0.0	0.0	1.0
58	70	0.0	0.0	1.0
58	71	0.0	0.0	1.0
58	72	0.0	0.0	1.0
58	73	0.0	0.0	1.0
58	74	0.0	0.0	1.0
58	75	0.0	0.0	1.0
58	76	0.0	0.0	1.0
58	77	0.0	0.0	1.0
58	78	0.0	0.0	1.0
58	79	0.0	0.0	1.0
58	80	0.0	0.0	1.0
58	81	0.0	0.0	1.0
58	82	0.0	0.0	1.0
58	83	0.0	0.0	1.0
58	84	0.0	0.0	1.0
58	85	0.0	0.0	1.0
58	86	0.0	0.0	1.0
58	87	0.0	0.0	1.0
58	88	0.0	0.0	1.0
58	89	0.0	0.0	1.0
58	90	0.0	0.0	1.0
58	91	0.0	0.0	1.0
58	92	0.0	0.0	1.0
58	93	0.0	0.0	1.0
58	94	0.0	0.0	1.0
58	95	0.0	0.0	1.0
58	96	0.0	0.0	1.0
58	97	0.0	0.0	1.0
58	98	0.0	0.0	1.0
58	99	0.0	0.0	1.0
58	100	0.0	0.0	1.0
58	101	0.0	0.0	1.0
58	102	0.0	0.0	1.0
58	103	0.0	0.0	1.0
58	104	0.0	0.0	1.0
58	105	0.0	0.0	1.0
58	106	0.0	0.0	1.0
58	107	0.0	0.0	1.0
58	108	0.0	0.0	1.0
58	109	0.0	0.0	1.0
58	110	0.0	0.0	1.0
58	111	0.0	0.0	1.0
58	112	0.0	0.0	1.0
58	113	0.0	0.0	1.0
58	114	0.0	0.0	1.0
58	115	0.0	0.0	1.0
58	116	0.0	0.0	1.0
58	117	0.0	0.0	1.0
58	118	0.0	0.0	1.0
58	119	0.0	0.0	1.0
58	120	0.0	0.0	1.0
58	121	0.0	0.0	1.0
58	122	0.0	0.0	1.0
58	123	0.0	0.0	1.0
58	124	0.0	0.0	1.0
58	125	0.0	0.0	1.0
58	126	0.0	0.0	1.0
58	127	0.0	0.0	1.0
59	0	0.0	0.0	1.0
59	1	0.0	0.0	1.0
59	2	0.0	0.0	1.0
59	3	0.0	0.0	1.0
59	4	0.0	0.0	1.0
59	5	0.0	0.0	1.0
59	6	0.0	0.0	1.0
59	7	0.0	0.0	1.0
59	8	0.0	0.0	1.0
59	9	0.0	0.0	1.0
59	10	0.0	0.0	1.0
59	11	0.0	0.0	1.0
59	12	0.0	0.0	1.0
59	13	0.0	0.0	1.0
59	14	0.0	0.0	1.0
59	15	0.0	0.0	1.0
59	16	0.0	0.0	1.0
59	17	0.0	0.0	1.0
59	18	0.0	0.0	1.0
59	19	0.0	0.0	1.0
59	20	0.0	0.0	1.0
59	21	0.0	0.0	1.0
59	22	0.0	0.0	1.0
59	23	0.0	0.0	1.0
59	24	0.0	0.0	1.0
59	25	0.0	0.0	1.0
59	26	0.0	0.0	1.0
59	27	0.0	0.0	1.0
59	28	0.0	0.0	1.0
59	29	0.0	0.0	1.0
59	30	0.0	0.0	1.0
59	31	0.0	0.0	1.0
59	32	0.0	0.0	1.0
59	33	0.0	0.0	1.0
59	34	0.0	0.0	1.0
59	35	0.0	0.0	1.0
59	36	0.0	0.0	1.0
59	37	0.0	0.0	1.0
59	38	0.0	0.0	1.0
59	39	0.0	0.0	1.0
59	40	0.0	0.0	1.0
59	41	0.0	0.0	1.0
59	42	0.0	0.0	1.0
59	43	0.0	0.0	1.0
59	44	0.0	0.0	1.0
59	45	0.0	0.0	1.0
59	46	0.0	0.0	1.0
59	47	0.0	0.0	1.0
59	48	0.0	0.0	1.0
59	49	0.0	0.0	1.0
59	50	0.0	0.0	1.0
59	51	0.0	0.0	1.0
59	52	0.0	0.0	1.0
59	53	0.0	0.0	1.0
59	54	0.0	0.0	1.0
59	55	0.0	0.0	1.0
59	56	0.0	0.0	1.0
59	57	0.0	0.0	1.0
59	58	0.0	0.0	1.0
59	59	0.0	0.0	1.0
59	60	0.0	0.0	1.0
59	61	0.0	0.0	1.0
59	62	0.0	0.0	1.0
59	63	0.0	0.0	1.0
59	64	0.0	0.0	1.0
59	65	0.0	0.0	1.0
59	66	0.0	0.0	1.0
59	67	0.0	0.0	1.0
59	68	0.0	0.0	1.0
59	69	0.0	0.0	1.0
59	70	0.0	0.0	1.0
59	71	0.0	0.0	1.0
59	72	0.0	0.0	1.0
59	73	0.0	0.0	1.0
59	74	0.0	0.0	1.0
59	75	0.0	0.0	1.0
59	76	0.0	0.0	1.0
59	77	0.0	0.0	1.0
59	78	0.0	0.0	1.0
59	79	0.0	0.0	1.0
59	80	0.0	0.0	1.0
59	81	0.0	0.0	1.0
59	82	0.0	0.0	1.0
59	83	0.0	0.0	1.0
59	84	0.0	0.0	1.0
59	85	0.0	0.0	1.0
59	86	0.0	0.0	1.0
59	87	0.0	0.0	1.0
59	88	0.0	0.0	1.0
59	89	0.0	0.0	1.0
59	90	0.0	0.0	1.0
59	91	0.0	0.0	1.0
59	92	0.0	0.0	1.0
59	93	0.0	0.0	1.0
59	94	0.0	0.0	1.0
59	95	0.0	0.0	1.0
59	96	0.0	0.0	1.0
59	97	0.0	0.0	1.0
59	98	0.0	0.0	1.0
59	99	0.0	0.0	1.0
59	100	0.0	0.0	1.0
59	101	0.0	0.0	1.0
59	102	0.0	0.0	1.0
59	103	0.0	0.0	1.0
59	104	0.0	0.0	1.0
59	105	0.0	0.0	1.0
59	106	0.0	0.0	1.0
59	107	0.0	0.0	1.0
59	108	0.0	0.0	1.0
59	109	0.0	0.0	1.0
59	110	0.0	0.0	1.0
59	111	0.0	0.0	1.0
59	112	0.0	0.0	1.0
59	113	0.0	0.0	1.0
59	114	0.0	0.0	1.0
59	115	0.0	0.0	1.0
59	116	0.0	0.0	1.0
59	117	0.0	0.0	1.0
59	118	0.0	0.0	1.0
59	119	0.0	0.0	1.0
59	120	0.0	0.0	1.0
59	121	0.0	0.0	1.0
59	122	0.0	0.0	1.0
59	123	0.0	0.0	1.0
59	124	0.0	0.0	1.0
59	125	0.0	0.0	1.0
59	126	0.0	0.0	1.0
59	127	0.0	0.0	1.0
60	0	0.0	0.0	1.0
60	1	0.0	0.0	1.0
60	2	0.0	0.0	1.0
60	3	0.0	0.0	1.0
60	4	0.0	0.0	1.0
60	5	0.0	0.0	1.0
60	6	0.0	0.0	1.0
60	7	0.0	0.0	1.0
60	8	0.0	0.0	1.0
60	9	0.0	0.0	1.0
60	10	0.0	0.0	1.0
60	11	0.0	0.0	1.0
60	12	0.0	0.0	1.0
60	13	0.0	0.0	1.0
60	14	0.0	0.0	1.0
60	15	0.0	0.0	1.0
60	16	0.0	0.0	1.0
60	17	0.0	0.0	1.0
60	18	0.0	0.0	1.0
60	19	0.0	0.0	1.0
60	20	0.0	0.0	1.0
60	21	0.0	0.0	1.0
60	22	0.0	0.0	1.0
60	23	0.0	0.0	1.0
60	24	0.0	0.0	1.0
60	25	0.0	0.0	1.0
60	26	0.0	0.0	1.0
60	27	0.0	0.0	1.0
60	28	0.0	0.0	1.0
60	29	0.0	0.0	1.0
60	30	0.0	0.0	1.0
60	31	0.0	0.0	1.0
60	32	0.0	0.0	1.0
60	33	0.0	0.0	1.0
60	34	0.0	0.0	1.0
60	35	0.0	0.0	1.0
60	36	0.0	0.0	1.0
60	37	0.0	0.0	1.0
60	38	0.0	0.0	1.0
60	39	0.0	0.0	1.0
60	40	0.0	0.0	1.0
60	41	0.0	0.0	1.0
60	42	0.0	0.0	1.0
60	43	0.0	0.0	1.0
60	44	0.0	0.0	1.0
60	45	0.0	0.0	1.0
60	46	0.0	0.0	1.0
60	47	0.0	0.0	1.0
60	48	0.0	0.0	1.0
60	49	0.0	0.0	1.0
60	50	0.0	0.0	1.0
60	51	0.0	0.0	1.0
60	52	0.0	0.0	1.0
60	53	0.0	0.0	1.0
60	54	0.0	0.0	1.0
60	55	0.0	0.0	1.0
60	56	0.0	0.0	1.0
60	57	0.0	0.0	1.0
60	58	0.0	0.0	1.0
60	59	0.0	0.0	1.0
60	60	0.0	0.0	1.0
60	61	0.0	0.0	1.0
60	62	0.0	0.0	1.0
60	63	0.0	0.0	1.0
60	64	0.0	0.0	1.0
60	65	0.0	0.0	1.0
60	66	0.0	0.0	1.0
60	67	0.0	0.0	1.0
60	68	0.0	0.0	1.0
60	69	0.0	0.0	1.0
60	70	0.0	0.0	1.0
60	71	0.0	0.0	1.0
60	72	0.0	0.0	1.0
60	73	0.0	0.0	1.0
60	74	0.0	0.0	1.0
60	75	0.0	0.0	1.0
60	76	0.0	0.0	1.0
60	77	0.0	0.0	1.0
60	78	0.0	0.0	1.0
60	79	0.0	0.0	1.0
60	80	0.0	0.0	1.0
60	81	0.0	0.0	1.0
60	82	0.0	0.0	1.0
60	83	0.0	0.0	1.0
60	84	0.0	0.0	1.0
60	85	0.0	0.0	1.0
60	86	0.0	0.0	1.0
60	87	0.0	0.0	1.0
60	88	0.0	0.0	1.0
60	89	0.0	0.0	1.0
60	90	0.0	0.0	1.0
60	91	0.0	0.0	1.0
60	92	0.0	0.0	1.0
60	93	0.0	0.0	1.0
60	94	0.0	0.0	1.0
60	95	0.0	0.0	1.0
60	96	0.0	0.0	1.0
60	97	0.0	0.0	1.0
60	98	0.0	0.0	1.0
60	99	0.0	0.0	1.0
60	100	0.0	0.0	1.0
60	101	0.0	0.0	1.0
60	102	0.0	0.0	1.0
60	103	0.0	0.0	1.0
60	104	0.0	0.0	1.0
60	105	0.0	0.0	1.0
60	106	0.0	0.0	1.0
60	107	0.0	0.0	1.0
60	108	0.0	0.0	1.0
60	109	0.0	0.0	1.0
60	110	0.0	0.0	1.0
60	111	0.0	0.0	1.0
60	112	0.0	0.0	1.0
60	113	0.0	0.0	1.0
60	114	0.0	0.0	1.0
60	115	0.0	0.0	1.0
60	116	0.0	0.0	1.0
60	117	0.0	0.0	1.0
60	118	0.0	0.0	1.0
60	119	0.0	0.0	1.0
60	120	0.0	0.0	1.0
60	121	0.0	0.0	1.0
60	122	0.0	0.0	1.0
60	123	0.0	0.0	1.0
60	124	0.0	0.0	1.0
60	125	0.0	0.0	1.0
60	126	0.0	0.0	1.0
60	127	0.0	0.0	1.0
61	0	0.0	0.0	1.0
61	1	0.0	0.0	1.0
61	2	0.0	0.0	1.0
61	3	0.0	0.0	1.0
61	4	0.0	0.0	1.0
61	5	0.0	0.0	1.0
61	6	0.0	0.0	1.0
61	7	0.0	0.0	1.0
61	8	0.0	0.0	1.0
61	9	0.0	0.0	1.0
61	10	0.0	0.0	1.0
61	11	0.0	0.0	1.0
61	12	0.0	0.0	1.0
61	13	0.0	0.0	1.0
61	14	0.0	0.0	1.0
61	15	0.0	0.0	1.0
61	16	0.0	0.0	1.0
61	17	0.0	0.0	1.0
61	18	0.0	0.0	1.0
61	19	0.0	0.0	1.0
61	20	0.0	0.0	1.0
61	21	0.0	0.0	1.0
61	22	0.0	0.0	1.0
61	23	0.0	0.0	1.0
61	24	0.0	0.0	1.0
61	25	0.0	0.0	1.0
61	26	0.0	0.0	1.0
61	27	0.0	0.0	1.0
61	28	0.0	0.0	1.0
61	29	0.0	0.0	1.0
61	30	0.0	0.0	1.0
61	31	0.0	0.0	1.0
61	32	0.0	0.0	1.0
61	33	0.0	0.0	1.0
61	34	0.0	0.0	1.0
61	35	0.0	0.0	1.0
61	36	0.0	0.0	1.0
61	37	0.0	0.0	1.0
61	38	0.0	0.0	1.0
61	39	0.0	0.0	1.0
61	40	0.0	0.0	1.0
61	41	0.0	0.0	1.0
61	42	0.0	0.0	1.0
61	43	0.0	0.0	1.0
61	44	0.0	0.0	1.0
61	45	0.0	0.0	1.0
61	46	0.0	0.0	1.0
61	47	0.0	0.0	1.0
61	48	0.0	0.0	1.0
61	49	0.0	0.0	1.0
61	50	0.0	0.0	1.0
61	51	0.0	0.0	1.0
61	52	0.0	0.0	1.0
61	53	0.0	0.0	1.0
61	54	0.0	0.0	1.0
61	55	0.0	0.0	1.0
61	56	0.0	0.0	1.0
61	57	0.0	0.0	1.0
61	58	0.0	0.0	1.0
61	59	0.0	0.0	1.0
61	60	0.0	0.0	1.0
61	61	0.0	0.0	1.0
61	62	0.0	0.0	1.0
61	63	0.0	0.0	1.0
61	64	0.0	0.0	1.0
61	65	0.0	0.0	1.0
61	66	0.0	0.0	1.0
61	67	0.0	0.0	1.0
61	68	0.0	0.0	1.0
61	69	0.0	0.0	1.0
61	70	0.0	0.0	1.0
61	71	0.0	0.0	1.0
61	72	0.0	0.0	1.0
61	73	0.0	0.0	1.0
61	74	0.0	0.0	1.0
61	75	0.0	0.0	1.0
61	76	0.0	0.0	1.0
61	77	0.0	0.0	1.0
61	78	0.0	0.0	1.0
61	79	0.0	0.0	1.0
61	80	0.0	0.0	1.0
61	81	0.0	0.0	1.0
61	82	0.0	0.0	1.0
61	83	0.0	0.0	1.0
61	84	0.0	0.0	1.0
61	85	0.0	0.0	1.0
61	86	0.0	0.0	1.0
61	87	0.0	0.0	1.0
61	88	0.0	0.0	1.0
61	89	0.0	0.0	1.0
61	90	0.0	0.0	1.0
61	91	0.0	0.0	1.0
61	92	0.0	0.0	1.0
61	93	0.0	0.0	1.0
61	94	0.0	0.0	1.0
61	95	0.0	0.0	1.0
61	96	0.0	0.0	1.0
61	97	0.0	0.0	1.0
61	98	0.0	0.0	1.0
61	99	0.0	0.0	1.0
61	100	0.0	0.0	1.0
61	101	0.0	0.0	1.0
61	102	0.0	0.0	1.0
61	103	0.0	0.0	1.0
61	104	0.0	0.0	1.0
61	105	0.0	0.0	1.0
61	106	0.0	0.0	1.0
61	107	0.0	0.0	1.0
61	108	0.0	0.0	1.0
61	109	0.0	0.0	1.0
61	110	0.0	0.0	1.0
61	111	0.0	0.0	1.0
61	112	0.0	0.0	1.0
61	113	0.0	0.0	1.0
61	114	0.0	0.0	1.0
61	115	0.0	0.0	1.0
61	116	0.0	0.0	1.0
61	117	0.0	0.0	1.0
61	118	0.0	0.0	1.0
61	119	0.0	0.0	1.0
61	120	0.0	0.0	1.0
61	121	0.0	0.0	1.0
61	122	0.0	0.0	1.0
61	123	0.0	0.0	1.0
61	124	0.0	0.0	1.0
61	125	0.0	0.0	1.0
61	126	0.0	0.0	1.0
61	127	0.0	0.0	1.0
62	0	0.0	0.0	1.0
62	1	0.0	0.0	1.0
62	2	0.0	0.0	1.0
62	3	0.0	0.0	1.0
62	4	0.0	0.0	1.0
62	5	0.0	0.0	1.0
62	6	0.0	0.0	1.0
62	7	0.0	0.0	1.0
62	8	0.0	0.0	1.0
62	9	0.0	0.0	1.0
62	10	0.0	0.0	1.0
62	11	0.0	0.0	1.0
62	12	0.0	0.0	1.0
62	13	0.0	0.0	1.0
62	14	0.0	0.0	1.0
62	15	0.0	0.0	1.0
62	16	0.0	0.0	1.0
62	17	0.0	0.0	1.0
62	18	0.0	0.0	1.0
62	19	0.0	0.0	1.0
62	20	0.0	0.0	1.0
62	21	0.0	0.0	1.0
62	22	0.0	0.0	1.0
62	23	0.0	0.0	1.0
62	24	0.0	0.0	1.0
62	25	0.0	0.0	1.0
62	26	0.0	0.0	1.0
62	27	0.0	0.0	1.0
62	28	0.0	0.0	1.0
62	29	0.0	0.0	1.0
62	30	0.0	0.0	1.0
62	31	0.0	0.0	1.0
62	32	0.0	0.0	1.0
62	33	0.0	0.0	1.0
62	34	0.0	0.0	1.0
62	35	0.0	0.0	1.0
62	36	0.0	0.0	1.0
62	37	0.0	0.0	1.0
62	38	0.0	0.0	1.0
62	39	0.0	0.0	1.0
62	40	0.0	0.0	1.0
62	41	0.0	0.0	1.0
62	42	0.0	0.0	1.0
62	43	0.0	0.0	1.0
62	44	0.0	0.0	1.0
62	45	0.0	0.0	1.0
62	46	0.0	0.0	1.0
62	47	0.0	0.0	1.0
62	48	0.0	0.0	1.0
62	49	0.0	0.0	1.0
62	50	0.0	0.0	1.0
62	51	0.0	0.0	1.0
62	52	0.0	0.0	1.0
62	53	0.0	0.0	1.0
62	54	0.0	0.0	1.0
62	55	0.0	0.0	1.0
62	56	0.0	0.0	1.0
62	57	0.0	0.0	1.0
62	58	0.0	0.0	1.0
62	59	0.0	0.0	1.0
62	60	0.0	0.0	1.0
62	61	0.0	0.0	1.0
62	62	0.0	0.0	1.0
62	63	0.0	0.0	1.0
62	64	0.0	0.0	1.0
62	65	0.0	0.0	1.0
62	66	0.0	0.0	1.0
62	67	0.0	0.0	1.0
62	68	0.0	0.0	1.0
62	69	0.0	0.0	1.0
62	70	0.0	0.0	1.0
62	71	0.0	0.0	1.0
62	72	0.0	0.0	1.0
62	73	0.0	0.0	1.0
62	74	0.0	0.0	1.0
62	75	0.0	0.0	1.0
62	76	0.0	0.0	1.0
62	77	0.0	0.0	1.0
62	78	0.0	0.0	1.0
62	79	0.0	0.0	1.0
62	80	0.0	0.0	1.0
62	81	0.0	0.0	1.0
62	82	0.0	0.0	1.0
62	83	0.0	0.0	1.0
62	84	0.0	0.0	1.0
62	85	0.0	0.0	1.0
62	86	0.0	0.0	1.0
62	87	0.0	0.0	1.0
62	88	0.0	0.0	1.0
62	89	0.0	0.0	1.0
62	90	0.0	0.0	1.0
62	91	0.0	0.0	1.0
62	92	0.0	0.0	1.0
62	93	0.0	0.0	1.0
62	94	0.0	0.0	1.0
62	95	0.0	0.0	1.0
62	96	0.0	0.0	1.0
62	97	0.0	0.0	1.0
62	98	0.0	0.0	1.0
62	99	0.0	0.0	1.0
62	100	0.0	0.0	1.0
62	101	0.0	0.0	1.0
62	102	0.0	0.0	1.0
62	103	0.0	0.0	1.0
62	104	0.0	0.0	1.0
62	105	0.0	0.0	1.0
62	106	0.0	0.0	1.0
62	107	0.0	0.0	1.0
62	108	0.0	0.0	1.0
62	109	0.0	0.0	1.0
62	110	0.0	0.0	1.0
62	111	0.0	0.0	1.0
62	112	0.0	0.0	1.0
62	113	0.0	0.0	1.0
62	114	0.0	0.0	1.0
62	115	0.0	0.0	1.0
62	116	0.0	0.0	1.0
62	117	0.0	0.0	1.0
62	118	0.0	0.0	1.0
62	119	0.0	0.0	1.0
62	120	0.0	0.0	1.0
62	121	0.0	0.0	1.0
62	122	0.0	0.0	1.0
62	123	0.0	0.0	1.0
62	124	0.0	0.0	1.0
62	125	0.0	0.0	1.0
62	126	0.0	0.0	1.0
62	127	0.0	0.0	1.0
63	0	0.0	0.0	1.0
63	1	0.0	0.0	1.0
63	2	0.0	0.0	1.0
63	3	0.0	0.0	1.0
63	4	0.0	0.0	1.0
63	5	0.0	0.0	1.0
63	6	0.0	0.0	1.0
63	7	0.0	0.0	1.0
63	8	0.0	0.0	1.0
63	9	0.0	0.0	1.0
63	10	0.0	0.0	1.0
63	11	0.0	0.0	1.0
63	12	0.0	0.0	1.0
63	13	0.0	0.0	1.0
63	14	0.0	0.0	1.0
63	15	0.0	0.0	1.0
63	16	0.0	0.0	1.0
63	17	0.0	0.0	1.0
63	18	0.0	0.0	1.0
63	19	0.0	0.0	1.0
63	20	0.0	0.0	1.0
63	21	0.0	0.0	1.0
63	22	0.0	0.0	1.0
63	23	0.0	0.0	1.0
63	24	0.0	0.0	1.0
63	25	0.0	0.0	1.0
63	26	0.0	0.0	1.0
63	27	0.0	0.0	1.0
63	28	0.0	0.0	1.0
63	29	0.0	0.0	1.0
63	30	0.0	0.0	1.0
63	31	0.0	0.0	1.0
63	32	0.0	0.0	1.0
63	33	0.0	0.0	1.0
63	34	0.0	0.0	1.0
63	35	0.0	0.0	1.0
63	36	0.0	0.0	1.0
63	37	0.0	0.0	1.0
63	38	0.0	0.0	1.0
63	39	0.0	0.0	1.0
63	40	0.0	0.0	1.0
63	41	0.0	0.0	1.0
63	42	0.0	0.0	1.0
63	43	0.0	0.0	1.0
63	44	0.0	0.0	1.0
63	45	0.0	0.0	1.0
63	46	0.0	0.0	1.0
63	47	0.0	0.0	1.0
63	48	0.0	0.0	1.0
63	49	0.0	0.0	1.0
63	50	0.0	0.0	1.0
63	51	0.0	0.0	1.0
63	52	0.0	0.0	1.0
63	53	0.0	0.0	1.0
63	54	0.0	0.0	1.0
63	55	0.0	0.0	1.0
63	56	0.0	0.0	1.0
63	57	0.0	0.0	1.0
63	58	0.0	0.0	1.0
63	59	0.0	0.0	1.0
63	60	0.0	0.0	1.0
63	61	0.0	0.0	1.0
63	62	0.0	0.0	1.0
63	63	0.0	0.0	1.0
63	64	0.0	0.0	1.0
63	65	0.0	0.0	1.0
63	66	0.0	0.0	1.0
63	67	0.0	0.0	1.0
63	68	0.0	0.0	1.0
63	69	0.0	0.0	1.0
63	70	0.0	0.0	1.0
63	71	0.0	0.0	1.0
63	72	0.0	0.0	1.0
63	73	0.0	0.0	1.0
63	74	0.0	0.0	1.0
63	75	0.0	0.0	1.0
63	76	0.0	0.0	1.0
63	77	0.0	0.0	1.0
63	78	0.0	0.0	1.0
63	79	0.0	0.0	1.0
63	80	0.0	0.0	1.0
63	81	0.0	0.0	1.0
63	82	0.0	0.0	1.0
63	83	0.0	0.0	1.0
63	84	0.0	0.0	1.0
63	85	0.0	0.0	1.0
63	86	0.0	0.0	1.0
63	87	0.0	0.0	1.0
63	88	0.0	0.0	1.0
63	89	0.0	0.0	1.0
63	90	0.0	0.0	1.0
63	91	0.0	0.0	1.0
63	92	0.0	0.0	1.0
63	93	0.0	0.0	1.0
63	94	0.0	0.0	1.0
63	95	0.0	0.0	1.0
63	96	0.0	0.0	1.0
63	97	0.0	0.0	1.0
63	98	0.0	0.0	1.0
63	99	0.0	0.0	1.0
63	100	0.0	0.0	1.0
63	101	0.0	0.0	1.0
63	102	0.0	0.0	1.0
63	103	0.0	0.0	1.0
63	104	0.0	0.0	1.0
63	105	0.0	0.0	1.0
63	106	0.0	0.0	1.0
63	107	0.0	0.0	1.0
63	108	0.0	0.0	1.0
63	109	0.0	0.0	1.0
63	110	0.0	0.0	1.0
63	111	0.0	0.0	1.0
63	112	0.0	0.0	1.0
63	113	0.0	0.0	1.0
63	114	0.0	0.0	1.0
63	115	0.0	0.0	1.0
63	116	0.0	0.0	1.0
63	117	0.0	0.0	1.0
63	118	0.0	0.0	1.0
63	119	0.0	0.0	1.0
63	120	0.0	0.0	1.0
63	121	0.0	0.0	1.0
63	122	0.0	0.0	1.0
63	123	0.0	0.0	1.0
63	124	0.0	0.0	1.0
63	125	0.0	0.0	1.0
63	126	0.0	0.0	1.0
63	127	0.0	0.0	1.0
1	0	0.0	0.0	1.0
1	1	0.0	0.0	1.0
1	2	0.0	0.0	1.0
1	3	0.0	0.0	1.0
1	4	0.0	0.0	1.0
1	5	0.0	0.0	1.0
1	6	0.0	0.0	1.0
1	7	0.0	0.0	1.0
1	8	0.0	0.0	1.0
1	9	0.0	0.0	1.0
1	10	0.0	0.0	1.0
1	11	0.0	0.0	1.0
1	12	0.0	0.0	1.0
1	13	0.0	0.0	1.0
1	14	0.0	0.0	1.0
1	15	0.0	0.0	1.0
1	16	0.0	0.0	1.0
1	17	0.0	0.0	1.0
1	18	0.0	0.0	1.0
1	19	0.0	0.0	1.0
1	20	0.0	0.0	1.0
1	21	0.0	0.0	1.0
1	22	0.0	0.0	1.0
1	23	0.0	0.0	1.0
1	24	0.0	0.0	1.0
1	25	0.0	0.0	1.0
1	26	0.0	0.0	1.0
1	27	0.0	0.0	1.0
1	28	0.0	0.0	1.0
1	29	0.0	0.0	1.0
1	30	0.0	0.0	1.0
1	31	0.0	0.0	1.0
1	32	0.0	0.0	1.0
1	33	0.0	0.0	1.0
1	34	0.0	0.0	1.0
1	35	0.0	0.0	1.0
1	36	0.0	0.0	1.0
1	37	0.0	0.0	1.0
1	38	0.0	0.0	1.0
1	39	0.0	0.0	1.0
1	40	0.0	0.0	1.0
1	41	0.0	0.0	1.0
1	42	0.0	0.0	1.0
1	43	0.0	0.0	1.0
1	44	0.0	0.0	1.0
1	45	0.0	0.0	1.0
1	46	0.0	0.0	1.0
1	47	0.0	0.0	1.0
1	48	0.0	0.0	1.0
1	49	0.0	0.0	1.0
1	50	0.0	0.0	1.0
1	51	0.0	0.0	1.0
1	52	0.0	0.0	1.0
1	53	0.0	0.0	1.0
1	54	0.0	0.0	1.0
1	55	0.0	0.0	1.0
1	56	0.0	0.0	1.0
1	57	0.0	0.0	1.0
1	58	0.0	0.0	1.0
1	59	0.0	0.0	1.0
1	60	0.0	0.0	1.0
1	61	0.0	0.0	1.0
1	62	0.0	0.0	1.0
1	63	0.0	0.0	1.0
1	64	0.0	0.0	1.0
1	65	0.0	0.0	1.0
1	66	0.0	0.0	1.0
1	67	0.0	0.0	1.0
1	68	0.0	0.0	1.0
1	69	0.0	0.0	1.0
1	70	0.0	0.0	1.0
1	71	0.0	0.0	1.0
1	72	0.0	0.0	1.0
1	73	0.0	0.0	1.0
1	74	0.0	0.0	1.0
1	75	0.0	0.0	1.0
1	76	0.0	0.0	1.0
1	77	0.0	0.0	1.0
1	78	0.0	0.0	1.0
1	79	0.0	0.0	1.0
1	80	0.0	0.0	1.0
1	81	0.0	0.0	1.0
1	82	0.0	0.0	1.0
1	83	0.0	0.0	1.0
1	84	0.0	0.0	1.0
1	85	0.0	0.0	1.0
1	86	0.0	0.0	1.0
1	87	0.0	0.0	1.0
1	88	0.0	0.0	1.0
1	89	0.0	0.0	1.0
1	90	0.0	0.0	1.0
1	91	0.0	0.0	1.0
1	92	0.0	0.0	1.0
1	93	0.0	0.0	1.0
1	94	0.0	0.0	1.0
1	95	0.0	0.0	1.0
1	96	0.0	0.0	1.0
1	97	0.0	0.0	1.0
1	98	0.0	0.0	1.0
1	99	0.0	0.0	1.0
1	100	0.0	0.0	1.0
1	101	0.0	0.0	1.0
1	102	0.0	0.0	1.0
1	103	0.0	0.0	1.0
1	104	0.0	0.0	1.0
1	105	0.0	0.0	1.0
1	106	0.0	0.0	1.0
1	107	0.0	0.0	1.0
1	108	0.0	0.0	1.0
1	109	0.0	0.0	1.0
1	110	0.0	0.0	1.0
1	111	0.0	0.0	1.0
1	112	0.0	0.0	1.0
1	113	0.0	0.0	1.0
1	114	0.0	0.0	1.0
1	115	0.0	0.0	1.0
1	116	0.0	0.0	1.0
1	117	0.0	0.0	1.0
1	118	0.0	0.0	1.0
1	119	0.0	0.0	1.0
1	120	0.0	0.0	1.0
1	121	0.0	0.0	1.0
1	122	0.0	0.0	1.0
1	123	0.0	0.0	1.0
1	124	0.0	0.0	1.0
1	125	0.0	0.0	1.0
1	126	0.0	0.0	1.0
1	127	0.0	0.0	1.0
2	0	0.0	0.0	1.0
2	1	0.0	0.0	1.0
2	2	0.0	0.0	1.0
2	3	0.0	0.0	1.0
2	4	0.0	0.0	1.0
2	5	0.0	0.0	1.0
2	6	0.0	0.0	1.0
2	7	0.0	0.0	1.0
2	8	0.0	0.0	1.0
2	9	0.0	0.0	1.0
2	10	0.0	0.0	1.0
2	11	0.0	0.0	1.0
2	12	0.0	0.0	1.0
2	13	0.0	0.0	1.0
2	14	0.0	0.0	1.0
2	15	0.0	0.0	1.0
2	16	0.0	0.0	1.0
2	17	0.0	0.0	1.0
2	18	0.0	0.0	1.0
2	19	0.0	0.0	1.0
2	20	0.0	0.0	1.0
2	21	0.0	0.0	1.0
2	22	0.0	0.0	1.0
2	23	0.0	0.0	1.0
2	24	0.0	0.0	1.0
2	25	0.0	0.0	1.0
2	26	0.0	0.0	1.0
2	27	0.0	0.0	1.0
2	28	0.0	0.0	1.0
2	29	0.0	0.0	1.0
2	30	0.0	0.0	1.0
2	31	0.0	0.0	1.0
2	32	0.0	0.0	1.0
2	33	0.0	0.0	1.0
2	34	0.0	0.0	1.0
2	35	0.0	0.0	1.0
2	36	0.0	0.0	1.0
2	37	0.0	0.0	1.0
2	38	0.0	0.0	1.0
2	39	0.0	0.0	1.0
2	40	0.0	0.0	1.0
2	41	0.0	0.0	1.0
2	42	0.0	0.0	1.0
2	43	0.0	0.0	1.0
2	44	0.0	0.0	1.0
2	45	0.0	0.0	1.0
2	46	0.0	0.0	1.0
2	47	0.0	0.0	1.0
2	48	0.0	0.0	1.0
2	49	0.0	0.0	1.0
2	50	0.0	0.0	1.0
2	51	0.0	0.0	1.0
2	52	0.0	0.0	1.0
2	53	0.0	0.0	1.0
2	54	0.0	0.0	1.0
2	55	0.0	0.0	1.0
2	56	0.0	0.0	1.0
2	57	0.0	0.0	1.0
2	58	0.0	0.0	1.0
2	59	0.0	0.0	1.0
2	60	0.0	0.0	1.0
2	61	0.0	0.0	1.0
2	62	0.0	0.0	1.0
2	63	0.0	0.0	1.0
2	64	0.0	0.0	1.0
2	65	0.0	0.0	1.0
2	66	0.0	0.0	1.0
2	67	0.0	0.0	1.0
2	68	0.0	0.0	1.0
2	69	0.0	0.0	1.0
2	70	0.0	0.0	1.0
2	71	0.0	0.0	1.0
2	72	0.0	0.0	1.0
2	73	0.0	0.0	1.0
2	74	0.0	0.0	1.0
2	75	0.0	0.0	1.0
2	76	0.0	0.0	1.0
2	77	0.0	0.0	1.0
2	78	0.0	0.0	1.0
2	79	0.0	0.0	1.0
2	80	0.0	0.0	1.0
2	81	0.0	0.0	1.0
2	82	0.0	0.0	1.0
2	83	0.0	0.0	1.0
2	84	0.0	0.0	1.0
2	85	0.0	0.0	1.0
2	86	0.0	0.0	1.0
2	87	0.0	0.0	1.0
2	88	0.0	0.0	1.0
2	89	0.0	0.0	1.0
2	90	0.0	0.0	1.0
2	91	0.0	0.0	1.0
2	92	0.0	0.0	1.0
2	93	0.0	0.0	1.0
2	94	0.0	0.0	1.0
2	95	0.0	0.0	1.0
2	96	0.0	0.0	1.0
2	97	0.0	0.0	1.0
2	98	0.0	0.0	1.0
2	99	0.0	0.0	1.0
2	100	0.0	0.0	1.0
2	101	0.0	0.0	1.0
2	102	0.0	0.0	1.0
2	103	0.0	0.0	1.0
2	104	0.0	0.0	1.0
2	105	0.0	0.0	1.0
2	106	0.0	0.0	1.0
2	107	0.0	0.0	1.0
2	108	0.0	0.0	1.0
2	109	0.0	0.0	1.0
2	110	0.0	0.0	1.0
2	111	0.0	0.0	1.0
2	112	0.0	0.0	1.0
2	113	0.0	0.0	1.0
2	114	0.0	0.0	1.0
2	115	0.0	0.0	1.0
2	116	0.0	0.0	1.0
2	117	0.0	0.0	1.0
2	118	0.0	0.0	1.0
2	119	0.0	0.0	1.0
2	120	0.0	0.0	1.0
2	121	0.0	0.0	1.0
2	122	0.0	0.0	1.0
2	123	0.0	0.0	1.0
2	124	0.0	0.0	1.0
2	125	0.0	0.0	1.0
2	126	0.0	0.0	1.0
2	127	0.0	0.0	1.0
3	0	0.0	0.0	1.0
3	1	0.0	0.0	1.0
3	2	0.0	0.0	1.0
3	3	0.0	0.0	1.0
3	4	0.0	0.0	1.0
3	5	0.0	0.0	1.0
3	6	0.0	0.0	1.0
3	7	0.0	0.0	1.0
3	8	0.0	0.0	1.0
3	9	0.0	0.0	1.0
3	10	0.0	0.0	1.0
3	11	0.0	0.0	1.0
3	12	0.0	0.0	1.0
3	13	0.0	0.0	1.0
3	14	0.0	0.0	1.0
3	15	0.0	0.0	1.0
3	16	0.0	0.0	1.0
3	17	0.0	0.0	1.0
3	18	0.0	0.0	1.0
3	19	0.0	0.0	1.0
3	20	0.0	0.0	1.0
3	21	0.0	0.0	1.0
3	22	0.0	0.0	1.0
3	23	0.0	0.0	1.0
3	24	0.0	0.0	1.0
3	25	0.0	0.0	1.0
3	26	0.0	0.0	1.0
3	27	0.0	0.0	1.0
3	28	0.0	0.0	1.0
3	29	0.0	0.0	1.0
3	30	0.0	0.0	1.0
3	31	0.0	0.0	1.0
3	32	0.0	0.0	1.0
3	33	0.0	0.0	1.0
3	34	0.0	0.0	1.0
3	35	0.0	0.0	1.0
3	36	0.0	0.0	1.0
3	37	0.0	0.0	1.0
3	38	0.0	0.0	1.0
3	39	0.0	0.0	1.0
3	40	0.0	0.0	1.0
3	41	0.0	0.0	1.0
3	42	0.0	0.0	1.0
3	43	0.0	0.0	1.0
3	44	0.0	0.0	1.0
3	45	0.0	0.0	1.0
3	46	0.0	0.0	1.0
3	47	0.0	0.0	1.0
3	48	0.0	0.0	1.0
3	49	0.0	0.0	1.0
3	50	0.0	0.0	1.0
3	51	0.0	0.0	1.0
3	52	0.0	0.0	1.0
3	53	0.0	0.0	1.0
3	54	0.0	0.0	1.0
3	55	0.0	0.0	1.0
3	56	0.0	0.0	1.0
3	57	0.0	0.0	1.0
3	58	0.0	0.0	1.0
3	59	0.0	0.0	1.0
3	60	0.0	0.0	1.0
3	61	0.0	0.0	1.0
3	62	0.0	0.0	1.0
3	63	0.0	0.0	1.0
3	64	0.0	0.0	1.0
3	65	0.0	0.0	1.0
3	66	0.0	0.0	1.0
3	67	0.0	0.0	1.0
3	68	0.0	0.0	1.0
3	69	0.0	0.0	1.0
3	70	0.0	0.0	1.0
3	71	0.0	0.0	1.0
3	72	0.0	0.0	1.0
3	73	0.0	0.0	1.0
3	74	0.0	0.0	1.0
3	75	0.0	0.0	1.0
3	76	0.0	0.0	1.0
3	77	0.0	0.0	1.0
3	78	0.0	0.0	1.0
3	79	0.0	0.0	1.0
3	80	0.0	0.0	1.0
3	81	0.0	0.0	1.0
3	82	0.0	0.0	1.0
3	83	0.0	0.0	1.0
3	84	0.0	0.0	1.0
3	85	0.0	0.0	1.0
3	86	0.0	0.0	1.0
3	87	0.0	0.0	1.0
3	88	0.0	0.0	1.0
3	89	0.0	0.0	1.0
3	90	0.0	0.0	1.0
3	91	0.0	0.0	1.0
3	92	0.0	0.0	1.0
3	93	0.0	0.0	1.0
3	94	0.0	0.0	1.0
3	95	0.0	0.0	1.0
3	96	0.0	0.0	1.0
3	97	0.0	0.0	1.0
3	98	0.0	0.0	1.0
3	99	0.0	0.0	1.0
3	100	0.0	0.0	1.0
3	101	0.0	0.0	1.0
3	102	0.0	0.0	1.0
3	103	0.0	0.0	1.0
3	104	0.0	0.0	1.0
3	105	0.0	0.0	1.0
3	106	0.0	0.0	1.0
3	107	0.0	0.0	1.0
3	108	0.0	0.0	1.0
3	109	0.0	0.0	1.0
3	110	0.0	0.0	1.0
3	111	0.0	0.0	1.0
3	112	0.0	0.0	1.0
3	113	0.0	0.0	1.0
3	114	0.0	0.0	1.0
3	115	0.0	0.0	1.0
3	116	0.0	0.0	1.0
3	117	0.0	0.0	1.0
3	118	0.0	0.0	1.0
3	119	0.0	0.0	1.0
3	120	0.0	0.0	1.0
3	121	0.0	0.0	1.0
3	122	0.0	0.0	1.0
3	123	0.0	0.0	1.0
3	124	0.0	0.0	1.0
3	125	0.0	0.0	1.0
3	126	0.0	0.0	1.0
3	127	0.0	0.0	1.0
4	0	0.0	0.0	1.0
4	1	0.0	0.0	1.0
4	2	0.0	0.0	1.0
4	3	0.0	0.0	1.0
4	4	0.0	0.0	1.0
4	5	0.0	0.0	1.0
4	6	0.0	0.0	1.0
4	7	0.0	0.0	1.0
4	8	0.0	0.0	1.0
4	9	0.0	0.0	1.0
4	10	0.0	0.0	1.0
4	11	0.0	0.0	1.0
4	12	0.0	0.0	1.0
4	13	0.0	0.0	1.0
4	14	0.0	0.0	1.0
4	15	0.0	0.0	1.0
4	16	0.0	0.0	1.0
4	17	0.0	0.0	1.0
4	18	0.0	0.0	1.0
4	19	0.0	0.0	1.0
4	20	0.0	0.0	1.0
4	21	0.0	0.0	1.0
4	22	0.0	0.0	1.0
4	23	0.0	0.0	1.0
4	24	0.0	0.0	1.0
4	25	0.0	0.0	1.0
4	26	0.0	0.0	1.0
4	27	0.0	0.0	1.0
4	28	0.0	0.0	1.0
4	29	0.0	0.0	1.0
4	30	0.0	0.0	1.0
4	31	0.0	0.0	1.0
4	32	0.0	0.0	1.0
4	33	0.0	0.0	1.0
4	34	0.0	0.0	1.0
4	35	0.0	0.0	1.0
4	36	0.0	0.0	1.0
4	37	0.0	0.0	1.0
4	38	0.0	0.0	1.0
4	39	0.0	0.0	1.0
4	40	0.0	0.0	1.0
4	41	0.0	0.0	1.0
4	42	0.0	0.0	1.0
4	43	0.0	0.0	1.0
4	44	0.0	0.0	1.0
4	45	0.0	0.0	1.0
4	46	0.0	0.0	1.0
4	47	0.0	0.0	1.0
4	48	0.0	0.0	1.0
4	49	0.0	0.0	1.0
4	50	0.0	0.0	1.0
4	51	0.0	0.0	1.0
4	52	0.0	0.0	1.0
4	53	0.0	0.0	1.0
4	54	0.0	0.0	1.0
4	55	0.0	0.0	1.0
4	56	0.0	0.0	1.0
4	57	0.0	0.0	1.0
4	58	0.0	0.0	1.0
4	59	0.0	0.0	1.0
4	60	0.0	0.0	1.0
4	61	0.0	0.0	1.0
4	62	0.0	0.0	1.0
4	63	0.0	0.0	1.0
4	64	0.0	0.0	1.0
4	65	0.0	0.0	1.0
4	66	0.0	0.0	1.0
4	67	0.0	0.0	1.0
4	68	0.0	0.0	1.0
4	69	0.0	0.0	1.0
4	70	0.0	0.0	1.0
4	71	0.0	0.0	1.0
4	72	0.0	0.0	1.0
4	73	0.0	0.0	1.0
4	74	0.0	0.0	1.0
4	75	0.0	0.0	1.0
4	76	0.0	0.0	1.0
4	77	0.0	0.0	1.0
4	78	0.0	0.0	1.0
4	79	0.0	0.0	1.0
4	80	0.0	0.0	1.0
4	81	0.0	0.0	1.0
4	82	0.0	0.0	1.0
4	83	0.0	0.0	1.0
4	84	0.0	0.0	1.0
4	85	0.0	0.0	1.0
4	86	0.0	0.0	1.0
4	87	0.0	0.0	1.0
4	88	0.0	0.0	1.0
4	89	0.0	0.0	1.0
4	90	0.0	0.0	1.0
4	91	0.0	0.0	1.0
4	92	0.0	0.0	1.0
4	93	0.0	0.0	1.0
4	94	0.0	0.0	1.0
4	95	0.0	0.0	1.0
4	96	0.0	0.0	1.0
4	97	0.0	0.0	1.0
4	98	0.0	0.0	1.0
4	99	0.0	0.0	1.0
4	100	0.0	0.0	1.0
4	101	0.0	0.0	1.0
4	102	0.0	0.0	1.0
4	103	0.0	0.0	1.0
4	104	0.0	0.0	1.0
4	105	0.0	0.0	1.0
4	106	0.0	0.0	1.0
4	107	0.0	0.0	1.0
4	108	0.0	0.0	1.0
4	109	0.0	0.0	1.0
4	110	0.0	0.0	1.0
4	111	0.0	0.0	1.0
4	112	0.0	0.0	1.0
4	113	0.0	0.0	1.0
4	114	0.0	0.0	1.0
4	115	0.0	0.0	1.0
4	116	0.0	0.0	1.0
4	117	0.0	0.0	1.0
4	118	0.0	0.0	1.0
4	119	0.0	0.0	1.0
4	120	0.0	0.0	1.0
4	121	0.0	0.0	1.0
4	122	0.0	0.0	1.0
4	123	0.0	0.0	1.0
4	124	0.0	0.0	1.0
4	125	0.0	0.0	1.0
4	126	0.0	0.0	1.0
4	127	0.0	0.0	1.0
5	0	0.0	0.0	1.0
5	1	0.0	0.0	1.0
5	2	0.0	0.0	1.0
5	3	0.0	0.0	1.0
5	4	0.0	0.0	1.0
5	5	0.0	0.0	1.0
5	6	0.0	0.0	1.0
5	7	0.0	0.0	1.0
5	8	0.0	0.0	1.0
5	9	0.0	0.0	1.0
5	10	0.0	0.0	1.0
5	11	0.0	0.0	1.0
5	12	0.0	0.0	1.0
5	13	0.0	0.0	1.0
5	14	0.0	0.0	1.0
5	15	0.0	0.0	1.0
5	16	0.0	0.0	1.0
5	17	0.0	0.0	1.0
5	18	0.0	0.0	1.0
5	19	0.0	0.0	1.0
5	20	0.0	0.0	1.0
5	21	0.0	0.0	1.0
5	22	0.0	0.0	1.0
5	23	0.0	0.0	1.0
5	24	0.0	0.0	1.0
5	25	0.0	0.0	1.0
5	26	0.0	0.0	1.0
5	27	0.0	0.0	1.0
5	28	0.0	0.0	1.0
5	29	0.0	0.0	1.0
5	30	0.0	0.0	1.0
5	31	0.0	0.0	1.0
5	32	0.0	0.0	1.0
5	33	0.0	0.0	1.0
5	34	0.0	0.0	1.0
5	35	0.0	0.0	1.0
5	36	0.0	0.0	1.0
5	37	0.0	0.0	1.0
5	38	0.0	0.0	1.0
5	39	0.0	0.0	1.0
5	40	0.0	0.0	1.0
5	41	0.0	0.0	1.0
5	42	0.0	0.0	1.0
5	43	0.0	0.0	1.0
5	44	0.0	0.0	1.0
5	45	0.0	0.0	1.0
5	46	0.0	0.0	1.0
5	47	0.0	0.0	1.0
5	48	0.0	0.0	1.0
5	49	0.0	0.0	1.0
5	50	0.0	0.0	1.0
5	51	0.0	0.0	1.0
5	52	0.0	0.0	1.0
5	53	0.0	0.0	1.0
5	54	0.0	0.0	1.0
5	55	0.0	0.0	1.0
5	56	0.0	0.0	1.0
5	57	0.0	0.0	1.0
5	58	0.0	0.0	1.0
5	59	0.0	0.0	1.0
5	60	0.0	0.0	1.0
5	61	0.0	0.0	1.0
5	62	0.0	0.0	1.0
5	63	0.0	0.0	1.0
5	64	0.0	0.0	1.0
5	65	0.0	0.0	1.0
5	66	0.0	0.0	1.0
5	67	0.0	0.0	1.0
5	68	0.0	0.0	1.0
5	69	0.0	0.0	1.0
5	70	0.0	0.0	1.0
5	71	0.0	0.0	1.0
5	72	0.0	0.0	1.0
5	73	0.0	0.0	1.0
5	74	0.0	0.0	1.0
5	75	0.0	0.0	1.0
5	76	0.0	0.0	1.0
5	77	0.0	0.0	1.0
5	78	0.0	0.0	1.0
5	79	0.0	0.0	1.0
5	80	0.0	0.0	1.0
5	81	0.0	0.0	1.0
5	82	0.0	0.0	1.0
5	83	0.0	0.0	1.0
5	84	0.0	0.0	1.0
5	85	0.0	0.0	1.0
5	86	0.0	0.0	1.0
5	87	0.0	0.0	1.0
5	88	0.0	0.0	1.0
5	89	0.0	0.0	1.0
5	90	0.0	0.0	1.0
5	91	0.0	0.0	1.0
5	92	0.0	0.0	1.0
5	93	0.0	0.0	1.0
5	94	0.0	0.0	1.0
5	95	0.0	0.0	1.0
5	96	0.0	0.0	1.0
5	97	0.0	0.0	1.0
5	98	0.0	0.0	1.0
5	99	0.0	0.0	1.0
5	100	0.0	0.0	1.0
5	101	0.0	0.0	1.0
5	102	0.0	0.0	1.0
5	103	0.0	0.0	1.0
5	104	0.0	0.0	1.0
5	105	0.0	0.0	1.0
5	106	0.0	0.0	1.0
5	107	0.0	0.0	1.0
5	108	0.0	0.0	1.0
5	109	0.0	0.0	1.0
5	110	0.0	0.0	1.0
5	111	0.0	0.0	1.0
5	112	0.0	0.0	1.0
5	113	0.0	0.0	1.0
5	114	0.0	0.0	1.0
5	115	0.0	0.0	1.0
5	116	0.0	0.0	1.0
5	117	0.0	0.0	1.0
5	118	0.0	0.0	1.0
5	119	0.0	0.0	1.0
5	120	0.0	0.0	1.0
5	121	0.0	0.0	1.0
5	122	0.0	0.0	1.0
5	123	0.0	0.0	1.0
5	124	0.0	0.0	1.0
5	125	0.0	0.0	1.0
5	126	0.0	0.0	1.0
5	127	0.0	0.0	1.0
6	0	0.0	0.0	1.0
6	1	0.0	0.0	1.0
6	2	0.0	0.0	1.0
6	3	0.0	0.0	1.0
6	4	0.0	0.0	1.0
6	5	0.0	0.0	1.0
6	6	0.0	0.0	1.0
6	7	0.0	0.0	1.0
6	8	0.0	0.0	1.0
6	9	0.0	0.0	1.0
6	10	0.0	0.0	1.0
6	11	0.0	0.0	1.0
6	12	0.0	0.0	1.0
6	13	0.0	0.0	1.0
6	14	0.0	0.0	1.0
6	15	0.0	0.0	1.0
6	16	0.0	0.0	1.0
6	17	0.0	0.0	1.0
6	18	0.0	0.0	1.0
6	19	0.0	0.0	1.0
6	20	0.0	0.0	1.0
6	21	0.0	0.0	1.0
6	22	0.0	0.0	1.0
6	23	0.0	0.0	1.0
6	24	0.0	0.0	1.0
6	25	0.0	0.0	1.0
6	26	0.0	0.0	1.0
6	27	0.0	0.0	1.0
6	28	0.0	0.0	1.0
6	29	0.0	0.0	1.0
6	30	0.0	0.0	1.0
6	31	0.0	0.0	1.0
6	32	0.0	0.0	1.0
6	33	0.0	0.0	1.0
6	34	0.0	0.0	1.0
6	35	0.0	0.0	1.0
6	36	0.0	0.0	1.0
6	37	0.0	0.0	1.0
6	38	0.0	0.0	1.0
6	39	0.0	0.0	1.0
6	40	0.0	0.0	1.0
6	41	0.0	0.0	1.0
6	42	0.0	0.0	1.0
6	43	0.0	0.0	1.0
6	44	0.0	0.0	1.0
6	45	0.0	0.0	1.0
6	46	0.0	0.0	1.0
6	47	0.0	0.0	1.0
6	48	0.0	0.0	1.0
6	49	0.0	0.0	1.0
6	50	0.0	0.0	1.0
6	51	0.0	0.0	1.0
6	52	0.0	0.0	1.0
6	53	0.0	0.0	1.0
6	54	0.0	0.0	1.0
6	55	0.0	0.0	1.0
6	56	0.0	0.0	1.0
6	57	0.0	0.0	1.0
6	58	0.0	0.0	1.0
6	59	0.0	0.0	1.0
6	60	0.0	0.0	1.0
6	61	0.0	0.0	1.0
6	62	0.0	0.0	1.0
6	63	0.0	0.0	1.0
6	64	0.0	0.0	1.0
6	65	0.0	0.0	1.0
6	66	0.0	0.0	1.0
6	67	0.0	0.0	1.0
6	68	0.0	0.0	1.0
6	69	0.0	0.0	1.0
6	70	0.0	0.0	1.0
6	71	0.0	0.0	1.0
6	72	0.0	0.0	1.0
6	73	0.0	0.0	1.0
6	74	0.0	0.0	1.0
6	75	0.0	0.0	1.0
6	76	0.0	0.0	1.0
6	77	0.0	0.0	1.0
6	78	0.0	0.0	1.0
6	79	0.0	0.0	1.0
6	80	0.0	0.0	1.0
6	81	0.0	0.0	1.0
6	82	0.0	0.0	1.0
6	83	0.0	0.0	1.0
6	84	0.0	0.0	1.0
6	85	0.0	0.0	1.0
6	86	0.0	0.0	1.0
6	87	0.0	0.0	1.0
6	88	0.0	0.0	1.0
6	89	0.0	0.0	1.0
6	90	0.0	0.0	1.0
6	91	0.0	0.0	1.0
6	92	0.0	0.0	1.0
6	93	0.0	0.0	1.0
6	94	0.0	0.0	1.0
6	95	0.0	0.0	1.0
6	96	0.0	0.0	1.0
6	97	0.0	0.0	1.0
6	98	0.0	0.0	1.0
6	99	0.0	0.0	1.0
6	100	0.0	0.0	1.0
6	101	0.0	0.0	1.0
6	102	0.0	0.0	1.0
6	103	0.0	0.0	1.0
6	104	0.0	0.0	1.0
6	105	0.0	0.0	1.0
6	106	0.0	0.0	1.0
6	107	0.0	0.0	1.0
6	108	0.0	0.0	1.0
6	109	0.0	0.0	1.0
6	110	0.0	0.0	1.0
6	111	0.0	0.0	1.0
6	112	0.0	0.0	1.0
6	113	0.0	0.0	1.0
6	114	0.0	0.0	1.0
6	115	0.0	0.0	1.0
6	116	0.0	0.0	1.0
6	117	0.0	0.0	1.0
6	118	0.0	0.0	1.0
6	119	0.0	0.0	1.0
6	120	0.0	0.0	1.0
6	121	0.0	0.0	1.0
6	122	0.0	0.0	1.0
6	123	0.0	0.0	1.0
6	124	0.0	0.0	1.0
6	125	0.0	0.0	1.0
6	126	0.0	0.0	1.0
6	127	0.0	0.0	1.0
7	0	0.0	0.0	1.0
7	1	0.0	0.0	1.0
7	2	0.0	0.0	1.0
7	3	0.0	0.0	1.0
7	4	0.0	0.0	1.0
7	5	0.0	0.0	1.0
7	6	0.0	0.0	1.0
7	7	0.0	0.0	1.0
7	8	0.0	0.0	1.0
7	9	0.0	0.0	1.0
7	10	0.0	0.0	1.0
7	11	0.0	0.0	1.0
7	12	0.0	0.0	1.0
7	13	0.0	0.0	1.0
7	14	0.0	0.0	1.0
7	15	0.0	0.0	1.0
7	16	0.0	0.0	1.0
7	17	0.0	0.0	1.0
7	18	0.0	0.0	1.0
7	19	0.0	0.0	1.0
7	20	0.0	0.0	1.0
7	21	0.0	0.0	1.0
7	22	0.0	0.0	1.0
7	23	0.0	0.0	1.0
7	24	0.0	0.0	1.0
7	25	0.0	0.0	1.0
7	26	0.0	0.0	1.0
7	27	0.0	0.0	1.0
7	28	0.0	0.0	1.0
7	29	0.0	0.0	1.0
7	30	0.0	0.0	1.0
7	31	0.0	0.0	1.0
7	32	0.0	0.0	1.0
7	33	0.0	0.0	1.0
7	34	0.0	0.0	1.0
7	35	0.0	0.0	1.0
7	36	0.0	0.0	1.0
7	37	0.0	0.0	1.0
7	38	0.0	0.0	1.0
7	39	0.0	0.0	1.0
7	40	0.0	0.0	1.0
7	41	0.0	0.0	1.0
7	42	0.0	0.0	1.0
7	43	0.0	0.0	1.0
7	44	0.0	0.0	1.0
7	45	0.0	0.0	1.0
7	46	0.0	0.0	1.0
7	47	0.0	0.0	1.0
7	48	0.0	0.0	1.0
7	49	0.0	0.0	1.0
7	50	0.0	0.0	1.0
7	51	0.0	0.0	1.0
7	52	0.0	0.0	1.0
7	53	0.0	0.0	1.0
7	54	0.0	0.0	1.0
7	55	0.0	0.0	1.0
7	56	0.0	0.0	1.0
7	57	0.0	0.0	1.0
7	58	0.0	0.0	1.0
7	59	0.0	0.0	1.0
7	60	0.0	0.0	1.0
7	61	0.0	0.0	1.0
7	62	0.0	0.0	1.0
7	63	0.0	0.0	1.0
7	64	0.0	0.0	1.0
7	65	0.0	0.0	1.0
7	66	0.0	0.0	1.0
7	67	0.0	0.0	1.0
7	68	0.0	0.0	1.0
7	69	0.0	0.0	1.0
7	70	0.0	0.0	1.0
7	71	0.0	0.0	1.0
7	72	0.0	0.0	1.0
7	73	0.0	0.0	1.0
7	74	0.0	0.0	1.0
7	75	0.0	0.0	1.0
7	76	0.0	0.0	1.0
7	77	0.0	0.0	1.0
7	78	0.0	0.0	1.0
7	79	0.0	0.0	1.0
7	80	0.0	0.0	1.0
7	81	0.0	0.0	1.0
7	82	0.0	0.0	1.0
7	83	0.0	0.0	1.0
7	84	0.0	0.0	1.0
7	85	0.0	0.0	1.0
7	86	0.0	0.0	1.0
7	87	0.0	0.0	1.0
7	88	0.0	0.0	1.0
7	89	0.0	0.0	1.0
7	90	0.0	0.0	1.0
7	91	0.0	0.0	1.0
7	92	0.0	0.0	1.0
7	93	0.0	0.0	1.0
7	94	0.0	0.0	1.0
7	95	0.0	0.0	1.0
7	96	0.0	0.0	1.0
7	97	0.0	0.0	1.0
7	98	0.0	0.0	1.0
7	99	0.0	0.0	1.0
7	100	0.0	0.0	1.0
7	101	0.0	0.0	1.0
7	102	0.0	0.0	1.0
7	103	0.0	0.0	1.0
7	104	0.0	0.0	1.0
7	105	0.0	0.0	1.0
7	106	0.0	0.0	1.0
7	107	0.0	0.0	1.0
7	108	0.0	0.0	1.0
7	109	0.0	0.0	1.0
7	110	0.0	0.0	1.0
7	111	0.0	0.0	1.0
7	112	0.0	0.0	1.0
7	113	0.0	0.0	1.0
7	114	0.0	0.0	1.0
7	115	0.0	0.0	1.0
7	116	0.0	0.0	1.0
7	117	0.0	0.0	1.0
7	118	0.0	0.0	1.0
7	119	0.0	0.0	1.0
7	120	0.0	0.0	1.0
7	121	0.0	0.0	1.0
7	122	0.0	0.0	1.0
7	123	0.0	0.0	1.0
7	124	0.0	0.0	1.0
7	125	0.0	0.0	1.0
7	126	0.0	0.0	1.0
7	127	0.0	0.0	1.0
8	0	0.0	0.0	1.0
8	1	0.0	0.0	1.0
8	2	0.0	0.0	1.0
8	3	0.0	0.0	1.0
8	4	0.0	0.0	1.0
8	5	0.0	0.0	1.0
8	6	0.0	0.0	1.0
8	7	0.0	0.0	1.0
8	8	0.0	0.0	1.0
8	9	0.0	0.0	1.0
8	10	0.0	0.0	1.0
8	11	0.0	0.0	1.0
8	12	0.0	0.0	1.0
8	13	0.0	0.0	1.0
8	14	0.0	0.0	1.0
8	15	0.0	0.0	1.0
8	16	0.0	0.0	1.0
8	17	0.0	0.0	1.0
8	18	0.0	0.0	1.0
8	19	0.0	0.0	1.0
8	20	0.0	0.0	1.0
8	21	0.0	0.0	1.0
8	22	0.0	0.0	1.0
8	23	0.0	0.0	1.0
8	24	0.0	0.0	1.0
8	25	0.0	0.0	1.0
8	26	0.0	0.0	1.0
8	27	0.0	0.0	1.0
8	28	0.0	0.0	1.0
8	29	0.0	0.0	1.0
8	30	0.0	0.0	1.0
8	31	0.0	0.0	1.0
8	32	0.0	0.0	1.0
8	33	0.0	0.0	1.0
8	34	0.0	0.0	1.0
8	35	0.0	0.0	1.0
8	36	0.0	0.0	1.0
8	37	0.0	0.0	1.0
8	38	0.0	0.0	1.0
8	39	0.0	0.0	1.0
8	40	0.0	0.0	1.0
8	41	0.0	0.0	1.0
8	42	0.0	0.0	1.0
8	43	0.0	0.0	1.0
8	44	0.0	0.0	1.0
8	45	0.0	0.0	1.0
8	46	0.0	0.0	1.0
8	47	0.0	0.0	1.0
8	48	0.0	0.0	1.0
8	49	0.0	0.0	1.0
8	50	0.0	0.0	1.0
8	51	0.0	0.0	1.0
8	52	0.0	0.0	1.0
8	53	0.0	0.0	1.0
8	54	0.0	0.0	1.0
8	55	0.0	0.0	1.0
8	56	0.0	0.0	1.0
8	57	0.0	0.0	1.0
8	58	0.0	0.0	1.0
8	59	0.0	0.0	1.0
8	60	0.0	0.0	1.0
8	61	0.0	0.0	1.0
8	62	0.0	0.0	1.0
8	63	0.0	0.0	1.0
8	64	0.0	0.0	1.0
8	65	0.0	0.0	1.0
8	66	0.0	0.0	1.0
8	67	0.0	0.0	1.0
8	68	0.0	0.0	1.0
8	69	0.0	0.0	1.0
8	70	0.0	0.0	1.0
8	71	0.0	0.0	1.0
8	72	0.0	0.0	1.0
8	73	0.0	0.0	1.0
8	74	0.0	0.0	1.0
8	75	0.0	0.0	1.0
8	76	0.0	0.0	1.0
8	77	0.0	0.0	1.0
8	78	0.0	0.0	1.0
8	79	0.0	0.0	1.0
8	80	0.0	0.0	1.0
8	81	0.0	0.0	1.0
8	82	0.0	0.0	1.0
8	83	0.0	0.0	1.0
8	84	0.0	0.0	1.0
8	85	0.0	0.0	1.0
8	86	0.0	0.0	1.0
8	87	0.0	0.0	1.0
8	88	0.0	0.0	1.0
8	89	0.0	0.0	1.0
8	90	0.0	0.0	1.0
8	91	0.0	0.0	1.0
8	92	0.0	0.0	1.0
8	93	0.0	0.0	1.0
8	94	0.0	0.0	1.0
8	95	0.0	0.0	1.0
8	96	0.0	0.0	1.0
8	97	0.0	0.0	1.0
8	98	0.0	0.0	1.0
8	99	0.0	0.0	1.0
8	100	0.0	0.0	1.0
8	101	0.0	0.0	1.0
8	102	0.0	0.0	1.0
8	103	0.0	0.0	1.0
8	104	0.0	0.0	1.0
8	105	0.0	0.0	1.0
8	106	0.0	0.0	1.0
8	107	0.0	0.0	1.0
8	108	0.0	0.0	1.0
8	109	0.0	0.0	1.0
8	110	0.0	0.0	1.0
8	111	0.0	0.0	1.0
8	112	0.0	0.0	1.0
8	113	0.0	0.0	1.0
8	114	0.0	0.0	1.0
8	115	0.0	0.0	1.0
8	116	0.0	0.0	1.0
8	117	0.0	0.0	1.0
8	118	0.0	0.0	1.0
8	119	0.0	0.0	1.0
8	120	0.0	0.0	1.0
8	121	0.0	0.0	1.0
8	122	0.0	0.0	1.0
8	123	0.0	0.0	1.0
8	124	0.0	0.0	1.0
8	125	0.0	0.0	1.0
8	126	0.0	0.0	1.0
8	127	0.0	0.0	1.0
9	0	0.0	0.0	1.0
9	1	0.0	0.0	1.0
9	2	0.0	0.0	1.0
9	3	0.0	0.0	1.0
9	4	0.0	0.0	1.0
9	5	0.0	0.0	1.0
9	6	0.0	0.0	1.0
9	7	0.0	0.0	1.0
9	8	0.0	0.0	1.0
9	9	0.0	0.0	1.0
9	10	0.0	0.0	1.0
9	11	0.0	0.0	1.0
9	12	0.0	0.0	1.0
9	13	0.0	0.0	1.0
9	14	0.0	0.0	1.0
9	15	0.0	0.0	1.0
9	16	0.0	0.0	1.0
9	17	0.0	0.0	1.0
9	18	0.0	0.0	1.0
9	19	0.0	0.0	1.0
9	20	0.0	0.0	1.0
9	21	0.0	0.0	1.0
9	22	0.0	0.0	1.0
9	23	0.0	0.0	1.0
9	24	0.0	0.0	1.0
9	25	0.0	0.0	1.0
9	26	0.0	0.0	1.0
9	27	0.0	0.0	1.0
9	28	0.0	0.0	1.0
9	29	0.0	0.0	1.0
9	30	0.0	0.0	1.0
9	31	0.0	0.0	1.0
9	32	0.0	0.0	1.0
9	33	0.0	0.0	1.0
9	34	0.0	0.0	1.0
9	35	0.0	0.0	1.0
9	36	0.0	0.0	1.0
9	37	0.0	0.0	1.0
9	38	0.0	0.0	1.0
9	39	0.0	0.0	1.0
9	40	0.0	0.0	1.0
9	41	0.0	0.0	1.0
9	42	0.0	0.0	1.0
9	43	0.0	0.0	1.0
9	44	0.0	0.0	1.0
9	45	0.0	0.0	1.0
9	46	0.0	0.0	1.0
9	47	0.0	0.0	1.0
9	48	0.0	0.0	1.0
9	49	0.0	0.0	1.0
9	50	0.0	0.0	1.0
9	51	0.0	0.0	1.0
9	52	0.0	0.0	1.0
9	53	0.0	0.0	1.0
9	54	0.0	0.0	1.0
9	55	0.0	0.0	1.0
9	56	0.0	0.0	1.0
9	57	0.0	0.0	1.0
9	58	0.0	0.0	1.0
9	59	0.0	0.0	1.0
9	60	0.0	0.0	1.0
9	61	0.0	0.0	1.0
9	62	0.0	0.0	1.0
9	63	0.0	0.0	1.0
9	64	0.0	0.0	1.0
9	65	0.0	0.0	1.0
9	66	0.0	0.0	1.0
9	67	0.0	0.0	1.0
9	68	0.0	0.0	1.0
9	69	0.0	0.0	1.0
9	70	0.0	0.0	1.0
9	71	0.0	0.0	1.0
9	72	0.0	0.0	1.0
9	73	0.0	0.0	1.0
9	74	0.0	0.0	1.0
9	75	0.0	0.0	1.0
9	76	0.0	0.0	1.0
9	77	0.0	0.0	1.0
9	78	0.0	0.0	1.0
9	79	0.0	0.0	1.0
9	80	0.0	0.0	1.0
9	81	0.0	0.0	1.0
9	82	0.0	0.0	1.0
9	83	0.0	0.0	1.0
9	84	0.0	0.0	1.0
9	85	0.0	0.0	1.0
9	86	0.0	0.0	1.0
9	87	0.0	0.0	1.0
9	88	0.0	0.0	1.0
9	89	0.0	0.0	1.0
9	90	0.0	0.0	1.0
9	91	0.0	0.0	1.0
9	92	0.0	0.0	1.0
9	93	0.0	0.0	1.0
9	94	0.0	0.0	1.0
9	95	0.0	0.0	1.0
9	96	0.0	0.0	1.0
9	97	0.0	0.0	1.0
9	98	0.0	0.0	1.0
9	99	0.0	0.0	1.0
9	100	0.0	0.0	1.0
9	101	0.0	0.0	1.0
9	102	0.0	0.0	1.0
9	103	0.0	0.0	1.0
9	104	0.0	0.0	1.0
9	105	0.0	0.0	1.0
9	106	0.0	0.0	1.0
9	107	0.0	0.0	1.0
9	108	0.0	0.0	1.0
9	109	0.0	0.0	1.0
9	110	0.0	0.0	1.0
9	111	0.0	0.0	1.0
9	112	0.0	0.0	1.0
9	113	0.0	0.0	1.0
9	114	0.0	0.0	1.0
9	115	0.0	0.0	1.0
9	116	0.0	0.0	1.0
9	117	0.0	0.0	1.0
9	118	0.0	0.0	1.0
9	119	0.0	0.0	1.0
9	120	0.0	0.0	1.0
9	121	0.0	0.0	1.0
9	122	0.0	0.0	1.0
9	123	0.0	0.0	1.0
9	124	0.0	0.0	1.0
9	125	0.0	0.0	1.0
9	126	0.0	0.0	1.0
9	127	0.0	0.0	1.0
